osu file format v14

[General]
AudioFilename: audio.mp3
AudioLeadIn: 0
PreviewTime: -1
Countdown: 0
SampleSet: Normal
StackLeniency: 0.8
Mode: 3
LetterboxInBreaks: 0
SpecialStyle: 0
WidescreenStoryboard: 0

[Editor]
DistanceSpacing: 0.8
BeatDivisor: 8
GridSize: 32
TimelineZoom: 1

[Metadata]
Title:flos
TitleUnicode:flos
Artist:R sound design
ArtistUnicode:R sound design
Creator:zios_gd
Version:Flos
Source:
Tags:
BeatmapID:0
BeatmapSetID:-1

[Difficulty]
HPDrainRate:3
CircleSize:4
OverallDifficulty:6
ApproachRate:5
SliderMultiplier:1.4
SliderTickRate:1

[Events]
//Background and Video events
//Break Periods
2,75463,91097
//Storyboard Layer 0 (Background)
//Storyboard Layer 1 (Fail)
//Storyboard Layer 2 (Pass)
//Storyboard Layer 3 (Foreground)
//Storyboard Layer 4 (Overlay)
//Storyboard Sound Samples

[TimingPoints]
2552,508.474576271187,4,1,0,100,1,0


[HitObjects]
64,192,10687,5,8,0:0:0:0:
320,192,10687,1,8,0:0:0:0:
64,192,11196,1,0,0:0:0:0:
320,192,11386,1,0,0:0:0:0:
448,192,11450,1,0,0:0:0:0:
320,192,11640,1,0,0:0:0:0:
320,192,12213,1,0,0:0:0:0:
64,192,12403,1,0,0:0:0:0:
320,192,12467,1,0,0:0:0:0:
64,192,12657,1,0,0:0:0:0:
320,192,13229,1,0,0:0:0:0:
448,192,13420,1,0,0:0:0:0:
320,192,13484,1,0,0:0:0:0:
448,192,13674,1,0,0:0:0:0:
320,192,14183,1,0,0:0:0:0:
448,192,14246,1,0,0:0:0:0:
192,192,14437,1,0,0:0:0:0:
64,192,14501,1,0,0:0:0:0:
448,192,14691,1,0,0:0:0:0:
448,192,15263,1,0,0:0:0:0:
320,192,15454,1,0,0:0:0:0:
64,192,15518,1,0,0:0:0:0:
192,192,15708,1,0,0:0:0:0:
448,192,16280,1,0,0:0:0:0:
192,192,16471,1,0,0:0:0:0:
448,192,16535,1,0,0:0:0:0:
192,192,16725,1,0,0:0:0:0:
192,192,17297,1,0,0:0:0:0:
320,192,17488,1,0,0:0:0:0:
448,192,17552,1,0,0:0:0:0:
192,192,17742,1,0,0:0:0:0:
64,192,17806,1,0,0:0:0:0:
64,192,18251,1,0,0:0:0:0:
192,192,18314,1,0,0:0:0:0:
448,192,18505,1,0,0:0:0:0:
320,192,18568,1,0,0:0:0:0:
64,192,18823,1,0,0:0:0:0:
320,192,18823,1,0,0:0:0:0:
64,192,19331,1,0,0:0:0:0:
192,192,19522,1,0,0:0:0:0:
320,192,19585,1,0,0:0:0:0:
448,192,19776,1,0,0:0:0:0:
64,192,20348,1,0,0:0:0:0:
320,192,20348,1,0,0:0:0:0:
448,192,20539,1,0,0:0:0:0:
320,192,20602,1,0,0:0:0:0:
448,192,20793,1,0,0:0:0:0:
320,192,21365,1,0,0:0:0:0:
192,192,21556,1,0,0:0:0:0:
320,192,21619,1,0,0:0:0:0:
192,192,21810,1,0,0:0:0:0:
64,192,21810,1,0,0:0:0:0:
448,192,22318,1,0,0:0:0:0:
64,192,22382,1,0,0:0:0:0:
320,192,22573,1,0,0:0:0:0:
192,192,22636,1,0,0:0:0:0:
448,192,22827,1,0,0:0:0:0:
448,192,23399,1,0,0:0:0:0:
64,192,23590,1,0,0:0:0:0:
448,192,23653,1,0,0:0:0:0:
320,192,23844,1,0,0:0:0:0:
64,192,23844,1,0,0:0:0:0:
64,192,24416,1,0,0:0:0:0:
448,192,24607,1,0,0:0:0:0:
192,192,24670,1,0,0:0:0:0:
320,192,24861,1,0,0:0:0:0:
64,192,25433,1,0,0:0:0:0:
320,192,25624,1,0,0:0:0:0:
448,192,25687,1,0,0:0:0:0:
192,192,25878,1,0,0:0:0:0:
64,192,25878,1,0,0:0:0:0:
448,192,26386,1,0,0:0:0:0:
320,192,26450,1,0,0:0:0:0:
64,192,26640,1,0,0:0:0:0:
192,192,26704,1,0,0:0:0:0:
64,192,27467,1,0,0:0:0:0:
320,192,27467,1,0,0:0:0:0:
448,192,27721,1,0,0:0:0:0:
192,192,27721,1,0,0:0:0:0:
64,192,28484,1,0,0:0:0:0:
448,192,28484,1,0,0:0:0:0:
192,192,28611,1,0,0:0:0:0:
320,192,28738,1,0,0:0:0:0:
320,192,29374,1,0,0:0:0:0:
64,192,29501,1,0,0:0:0:0:
320,192,29755,1,0,0:0:0:0:
448,192,29755,1,0,0:0:0:0:
320,192,30390,1,0,0:0:0:0:
64,192,30518,1,0,0:0:0:0:
192,192,30772,1,0,0:0:0:0:
320,192,32297,1,0,0:0:0:0:
192,192,32552,1,0,0:0:0:0:
64,192,32806,1,0,0:0:0:0:
448,192,33060,1,0,0:0:0:0:
192,192,33060,1,0,0:0:0:0:
64,192,33568,1,0,0:0:0:0:
320,192,33568,1,0,0:0:0:0:
192,192,34077,1,0,0:0:0:0:
448,192,34077,1,0,0:0:0:0:
192,192,34585,1,0,0:0:0:0:
448,192,34585,1,0,0:0:0:0:
320,192,34585,1,0,0:0:0:0:
64,192,35094,1,0,0:0:0:0:
448,192,35348,1,0,0:0:0:0:
64,192,35602,1,0,0:0:0:0:
320,192,35857,1,0,0:0:0:0:
192,192,36111,1,0,0:0:0:0:
448,192,36111,1,0,0:0:0:0:
320,192,36365,1,0,0:0:0:0:
192,192,36619,1,0,0:0:0:0:
64,192,36746,1,0,0:0:0:0:
192,192,36874,1,0,0:0:0:0:
320,192,37128,1,0,0:0:0:0:
64,192,37382,1,0,0:0:0:0:
448,192,37636,1,0,0:0:0:0:
320,192,37763,1,0,0:0:0:0:
192,192,37890,1,0,0:0:0:0:
64,192,37890,1,0,0:0:0:0:
448,192,38145,1,0,0:0:0:0:
192,192,38399,1,0,0:0:0:0:
320,192,38399,1,0,0:0:0:0:
64,192,38526,1,0,0:0:0:0:
192,192,38653,1,0,0:0:0:0:
320,192,38780,1,0,0:0:0:0:
448,192,38907,1,0,0:0:0:0:
192,192,39162,1,0,0:0:0:0:
448,192,39162,1,0,0:0:0:0:
320,192,39416,1,0,0:0:0:0:
64,192,40179,1,0,0:0:0:0:
320,192,40179,1,0,0:0:0:0:
192,192,40433,1,0,0:0:0:0:
448,192,40433,1,0,0:0:0:0:
64,192,40687,1,0,0:0:0:0:
320,192,40941,1,0,0:0:0:0:
192,192,41196,1,0,0:0:0:0:
320,192,41196,1,0,0:0:0:0:
192,192,41704,1,0,0:0:0:0:
320,192,41704,1,0,0:0:0:0:
192,192,42213,1,0,0:0:0:0:
448,192,42213,1,0,0:0:0:0:
64,192,42721,1,0,0:0:0:0:
448,192,42721,1,0,0:0:0:0:
192,192,43229,1,0,0:0:0:0:
448,192,43229,1,0,0:0:0:0:
64,192,43738,1,0,0:0:0:0:
192,192,43929,1,0,0:0:0:0:
320,192,43992,1,0,0:0:0:0:
192,192,44183,1,0,0:0:0:0:
64,192,44246,1,0,0:0:0:0:
320,192,44246,1,0,0:0:0:0:
320,192,44755,1,0,0:0:0:0:
64,192,44755,1,0,0:0:0:0:
192,192,45263,1,0,0:0:0:0:
448,192,45263,1,0,0:0:0:0:
192,192,45772,1,0,0:0:0:0:
448,192,45772,1,0,0:0:0:0:
320,192,45963,1,0,0:0:0:0:
64,192,46026,1,0,0:0:0:0:
320,192,46217,1,0,0:0:0:0:
448,192,46280,1,0,0:0:0:0:
192,192,46280,1,0,0:0:0:0:
64,192,46789,1,0,0:0:0:0:
320,192,46789,1,0,0:0:0:0:
192,192,47297,1,0,0:0:0:0:
448,192,47297,1,0,0:0:0:0:
192,192,47806,1,0,0:0:0:0:
64,192,47996,1,0,0:0:0:0:
192,192,48060,1,0,0:0:0:0:
320,192,48251,1,0,0:0:0:0:
448,192,48314,1,0,0:0:0:0:
192,192,48314,1,0,0:0:0:0:
192,192,48823,1,0,0:0:0:0:
448,192,48823,1,0,0:0:0:0:
64,192,49331,1,0,0:0:0:0:
320,192,49331,1,0,0:0:0:0:
192,192,49840,1,0,0:0:0:0:
320,192,50030,1,0,0:0:0:0:
448,192,50094,1,0,0:0:0:0:
64,192,50285,1,0,0:0:0:0:
448,192,50348,1,0,0:0:0:0:
192,192,50602,1,0,0:0:0:0:
64,192,50729,1,0,0:0:0:0:
320,192,50984,1,0,0:0:0:0:
448,192,51365,1,0,0:0:0:0:
192,192,51365,1,0,0:0:0:0:
192,192,51746,1,0,0:0:0:0:
448,192,51746,1,0,0:0:0:0:
192,192,52128,1,0,0:0:0:0:
448,192,52128,1,0,0:0:0:0:
320,192,52128,1,0,0:0:0:0:
64,192,52382,1,0,0:0:0:0:
320,192,52382,1,0,0:0:0:0:
64,192,52763,1,0,0:0:0:0:
64,192,53145,1,0,0:0:0:0:
64,192,53399,1,0,0:0:0:0:
320,192,53399,1,0,0:0:0:0:
192,192,53780,1,0,0:0:0:0:
320,192,54162,1,0,0:0:0:0:
448,192,54162,1,0,0:0:0:0:
448,192,54416,1,0,0:0:0:0:
192,192,54416,1,0,0:0:0:0:
64,192,54797,1,0,0:0:0:0:
320,192,54797,1,0,0:0:0:0:
192,192,55179,1,0,0:0:0:0:
448,192,55179,1,0,0:0:0:0:
64,192,55433,1,0,0:0:0:0:
448,192,55433,1,0,0:0:0:0:
64,192,55814,1,0,0:0:0:0:
448,192,55814,1,0,0:0:0:0:
192,192,56196,1,0,0:0:0:0:
320,192,56196,1,0,0:0:0:0:
448,192,56450,1,0,0:0:0:0:
192,192,56450,1,0,0:0:0:0:
64,192,56831,1,0,0:0:0:0:
320,192,56831,1,0,0:0:0:0:
64,192,57213,1,0,0:0:0:0:
192,192,57213,1,0,0:0:0:0:
192,192,57467,1,0,0:0:0:0:
448,192,57467,1,0,0:0:0:0:
64,192,57848,1,0,0:0:0:0:
192,192,57848,1,0,0:0:0:0:
64,192,58229,1,0,0:0:0:0:
320,192,58229,1,0,0:0:0:0:
320,192,58484,1,0,0:0:0:0:
448,192,58484,1,0,0:0:0:0:
64,192,58992,1,0,0:0:0:0:
320,192,58992,1,0,0:0:0:0:
448,192,58992,1,0,0:0:0:0:
64,192,59501,1,0,0:0:0:0:
448,192,59501,1,0,0:0:0:0:
192,192,59755,1,0,0:0:0:0:
448,192,59755,1,0,0:0:0:0:
448,192,60009,1,0,0:0:0:0:
64,192,60518,1,0,0:0:0:0:
320,192,60518,1,0,0:0:0:0:
192,192,60772,1,0,0:0:0:0:
320,192,61026,1,0,0:0:0:0:
448,192,61026,1,0,0:0:0:0:
64,192,61280,1,0,0:0:0:0:
320,192,61535,1,0,0:0:0:0:
64,192,61535,1,0,0:0:0:0:
448,192,61789,1,0,0:0:0:0:
192,192,61789,1,0,0:0:0:0:
320,192,62043,1,0,0:0:0:0:
64,192,62043,1,0,0:0:0:0:
192,192,62552,1,0,0:0:0:0:
448,192,62552,1,0,0:0:0:0:
64,192,62806,1,0,0:0:0:0:
320,192,62806,1,0,0:0:0:0:
448,192,63060,1,0,0:0:0:0:
192,192,63060,1,0,0:0:0:0:
448,192,63568,1,0,0:0:0:0:
192,192,63568,1,0,0:0:0:0:
192,192,63823,1,0,0:0:0:0:
64,192,63823,1,0,0:0:0:0:
320,192,64077,1,0,0:0:0:0:
448,192,64077,1,0,0:0:0:0:
192,192,64331,1,0,0:0:0:0:
320,192,64585,1,0,0:0:0:0:
448,192,64585,1,0,0:0:0:0:
64,192,64840,1,0,0:0:0:0:
192,192,65094,1,0,0:0:0:0:
448,192,65348,1,0,0:0:0:0:
320,192,65348,1,0,0:0:0:0:
448,192,65602,1,0,0:0:0:0:
192,192,65602,1,0,0:0:0:0:
64,192,65857,1,0,0:0:0:0:
64,192,66111,1,0,0:0:0:0:
192,192,66365,1,0,0:0:0:0:
192,192,66874,1,0,0:0:0:0:
448,192,66874,1,0,0:0:0:0:
64,192,67128,1,0,0:0:0:0:
320,192,67128,1,0,0:0:0:0:
64,192,67382,1,0,0:0:0:0:
192,192,67636,1,0,0:0:0:0:
448,192,67636,1,0,0:0:0:0:
320,192,67890,1,0,0:0:0:0:
320,192,68145,1,0,0:0:0:0:
448,192,68145,1,0,0:0:0:0:
64,192,68653,1,0,0:0:0:0:
320,192,68653,1,0,0:0:0:0:
192,192,68907,1,0,0:0:0:0:
192,192,69162,1,0,0:0:0:0:
448,192,69162,1,0,0:0:0:0:
320,192,69416,1,0,0:0:0:0:
448,192,69416,1,0,0:0:0:0:
64,192,69670,1,0,0:0:0:0:
192,192,69670,1,0,0:0:0:0:
320,192,69924,1,0,0:0:0:0:
448,192,69924,1,0,0:0:0:0:
64,192,70179,1,0,0:0:0:0:
192,192,70179,1,0,0:0:0:0:
64,192,70433,1,0,0:0:0:0:
192,192,70433,1,0,0:0:0:0:
320,192,70687,1,0,0:0:0:0:
448,192,70687,1,0,0:0:0:0:
320,192,70941,1,0,0:0:0:0:
448,192,70941,1,0,0:0:0:0:
64,192,71196,1,0,0:0:0:0:
320,192,71196,1,0,0:0:0:0:
448,192,71196,1,0,0:0:0:0:
192,192,71704,1,0,0:0:0:0:
320,192,71704,1,0,0:0:0:0:
192,192,71958,1,0,0:0:0:0:
448,192,71958,1,0,0:0:0:0:
192,192,72213,1,0,0:0:0:0:
448,192,72213,1,0,0:0:0:0:
64,192,72721,1,0,0:0:0:0:
448,192,72721,1,0,0:0:0:0:
64,192,72975,1,0,0:0:0:0:
320,192,72975,1,0,0:0:0:0:
192,192,73229,1,0,0:0:0:0:
192,192,73484,1,0,0:0:0:0:
320,192,73738,1,0,0:0:0:0:
192,192,73865,1,0,0:0:0:0:
320,192,73992,1,0,0:0:0:0:
64,192,74246,1,0,0:0:0:0:
320,192,74374,1,0,0:0:0:0:
64,192,74501,1,0,0:0:0:0:
320,192,74755,1,0,0:0:0:0:
448,192,74882,1,0,0:0:0:0:
320,192,75009,1,0,0:0:0:0:
448,192,75263,1,0,0:0:0:0:
192,192,75263,1,0,0:0:0:0:
448,192,92297,5,0,0:0:0:0:
192,192,92297,1,0,0:0:0:0:
192,192,92552,1,0,0:0:0:0:
320,192,92806,1,0,0:0:0:0:
64,192,92933,1,0,0:0:0:0:
64,192,93187,1,0,0:0:0:0:
192,192,93314,1,0,0:0:0:0:
320,192,93441,1,0,0:0:0:0:
192,192,93568,1,0,0:0:0:0:
320,192,93696,1,0,0:0:0:0:
448,192,93823,1,0,0:0:0:0:
192,192,94077,1,0,0:0:0:0:
448,192,94077,1,0,0:0:0:0:
320,192,94585,1,0,0:0:0:0:
64,192,94585,1,0,0:0:0:0:
192,192,94840,1,0,0:0:0:0:
448,192,95094,1,0,0:0:0:0:
192,192,95094,1,0,0:0:0:0:
448,192,95602,1,0,0:0:0:0:
192,192,95602,1,0,0:0:0:0:
64,192,95857,1,0,0:0:0:0:
320,192,95857,1,0,0:0:0:0:
320,192,96111,1,0,0:0:0:0:
64,192,97382,1,0,0:0:0:0:
192,192,97636,1,0,0:0:0:0:
448,192,97636,1,0,0:0:0:0:
320,192,97890,1,0,0:0:0:0:
448,192,97890,1,0,0:0:0:0:
64,192,98145,1,0,0:0:0:0:
320,192,98145,1,0,0:0:0:0:
448,192,98272,1,0,0:0:0:0:
320,192,98399,1,0,0:0:0:0:
192,192,98653,1,0,0:0:0:0:
320,192,98780,1,0,0:0:0:0:
64,192,98907,1,0,0:0:0:0:
192,192,98907,1,0,0:0:0:0:
192,192,99162,1,0,0:0:0:0:
448,192,99162,1,0,0:0:0:0:
64,192,99289,1,0,0:0:0:0:
192,192,99416,1,0,0:0:0:0:
448,192,99670,1,0,0:0:0:0:
320,192,99797,1,0,0:0:0:0:
64,192,99924,1,0,0:0:0:0:
192,192,99924,1,0,0:0:0:0:
448,192,100179,1,0,0:0:0:0:
320,192,100433,1,0,0:0:0:0:
64,192,100433,1,0,0:0:0:0:
192,192,100687,1,0,0:0:0:0:
320,192,100941,1,0,0:0:0:0:
192,192,101068,1,0,0:0:0:0:
192,192,101323,1,0,0:0:0:0:
64,192,101450,1,0,0:0:0:0:
192,192,101704,1,0,0:0:0:0:
448,192,101704,1,0,0:0:0:0:
64,192,101958,1,0,0:0:0:0:
320,192,101958,1,0,0:0:0:0:
320,192,102213,1,0,0:0:0:0:
448,192,102213,1,0,0:0:0:0:
64,192,102721,1,0,0:0:0:0:
320,192,102721,1,0,0:0:0:0:
192,192,102975,1,0,0:0:0:0:
448,192,102975,1,0,0:0:0:0:
64,192,103229,1,0,0:0:0:0:
320,192,103229,1,0,0:0:0:0:
192,192,103738,1,0,0:0:0:0:
448,192,103738,1,0,0:0:0:0:
320,192,103992,1,0,0:0:0:0:
64,192,104246,1,0,0:0:0:0:
448,192,104246,1,0,0:0:0:0:
64,192,105518,1,0,0:0:0:0:
192,192,105772,1,0,0:0:0:0:
192,192,106026,1,0,0:0:0:0:
448,192,106280,1,0,0:0:0:0:
192,192,106280,1,0,0:0:0:0:
64,192,106789,1,0,0:0:0:0:
320,192,106789,1,0,0:0:0:0:
448,192,106789,1,0,0:0:0:0:
64,192,107297,1,0,0:0:0:0:
192,192,107297,1,0,0:0:0:0:
320,192,107297,1,0,0:0:0:0:
192,192,107806,1,0,0:0:0:0:
448,192,107806,1,0,0:0:0:0:
64,192,108314,1,0,0:0:0:0:
192,192,108314,1,0,0:0:0:0:
448,192,108314,1,0,0:0:0:0:
192,192,108823,1,0,0:0:0:0:
448,192,108823,1,0,0:0:0:0:
192,192,109013,1,0,0:0:0:0:
320,192,109077,1,0,0:0:0:0:
64,192,109268,1,0,0:0:0:0:
320,192,109268,1,0,0:0:0:0:
320,192,109840,1,0,0:0:0:0:
64,192,109840,1,0,0:0:0:0:
192,192,110094,1,0,0:0:0:0:
448,192,110348,1,0,0:0:0:0:
192,192,110348,1,0,0:0:0:0:
192,192,110857,1,0,0:0:0:0:
448,192,110857,1,0,0:0:0:0:
320,192,111047,1,0,0:0:0:0:
192,192,111111,1,0,0:0:0:0:
320,192,111302,1,0,0:0:0:0:
64,192,111302,1,0,0:0:0:0:
320,192,111874,1,0,0:0:0:0:
64,192,111874,1,0,0:0:0:0:
448,192,112128,1,0,0:0:0:0:
192,192,112382,1,0,0:0:0:0:
64,192,112382,1,0,0:0:0:0:
192,192,112890,1,0,0:0:0:0:
64,192,112890,1,0,0:0:0:0:
320,192,113081,1,0,0:0:0:0:
448,192,113145,1,0,0:0:0:0:
192,192,113335,1,0,0:0:0:0:
448,192,113335,1,0,0:0:0:0:
192,192,113907,1,0,0:0:0:0:
448,192,113907,1,0,0:0:0:0:
64,192,114162,1,0,0:0:0:0:
320,192,114416,1,0,0:0:0:0:
448,192,114416,1,0,0:0:0:0:
192,192,114797,1,0,0:0:0:0:
64,192,114924,1,0,0:0:0:0:
192,192,115115,1,0,0:0:0:0:
320,192,115179,1,0,0:0:0:0:
448,192,115369,1,0,0:0:0:0:
320,192,115433,1,0,0:0:0:0:
192,192,115687,1,0,0:0:0:0:
320,192,115814,1,0,0:0:0:0:
192,192,116068,1,0,0:0:0:0:
64,192,116068,1,0,0:0:0:0:
192,192,116450,1,0,0:0:0:0:
448,192,116450,1,0,0:0:0:0:
64,192,116450,1,0,0:0:0:0:
320,192,116831,1,0,0:0:0:0:
192,192,117213,1,0,0:0:0:0:
64,192,117467,1,0,0:0:0:0:
192,192,117848,1,0,0:0:0:0:
64,192,117848,1,0,0:0:0:0:
320,192,118229,1,0,0:0:0:0:
448,192,118229,1,0,0:0:0:0:
192,192,118484,1,0,0:0:0:0:
448,192,118484,1,0,0:0:0:0:
64,192,118865,1,0,0:0:0:0:
192,192,119246,1,0,0:0:0:0:
320,192,119501,1,0,0:0:0:0:
448,192,119501,1,0,0:0:0:0:
64,192,119882,1,0,0:0:0:0:
192,192,119882,1,0,0:0:0:0:
448,192,120263,1,0,0:0:0:0:
448,192,120518,1,0,0:0:0:0:
192,192,120518,1,0,0:0:0:0:
192,192,120899,1,0,0:0:0:0:
64,192,120899,1,0,0:0:0:0:
64,192,121280,1,0,0:0:0:0:
448,192,121535,1,0,0:0:0:0:
192,192,121535,1,0,0:0:0:0:
192,192,121916,1,0,0:0:0:0:
320,192,121916,1,0,0:0:0:0:
64,192,122297,1,0,0:0:0:0:
320,192,122297,1,0,0:0:0:0:
64,192,122552,1,0,0:0:0:0:
320,192,122552,1,0,0:0:0:0:
448,192,122552,1,0,0:0:0:0:
192,192,122933,1,0,0:0:0:0:
320,192,122933,1,0,0:0:0:0:
448,192,123314,1,0,0:0:0:0:
192,192,123314,1,0,0:0:0:0:
64,192,123314,1,0,0:0:0:0:
320,192,123505,1,0,0:0:0:0:
192,192,123696,1,0,0:0:0:0:
448,192,123823,1,0,0:0:0:0:
320,192,123823,1,0,0:0:0:0:
192,192,123950,1,0,0:0:0:0:
64,192,123950,1,0,0:0:0:0:
320,192,124077,1,0,0:0:0:0:
448,192,124077,1,0,0:0:0:0:
192,192,124204,1,0,0:0:0:0:
64,192,124204,1,0,0:0:0:0:
320,192,124331,1,0,0:0:0:0:
448,192,124331,1,0,0:0:0:0:
192,192,124840,1,0,0:0:0:0:
320,192,124840,1,0,0:0:0:0:
448,192,125094,1,0,0:0:0:0:
192,192,125094,1,0,0:0:0:0:
320,192,125602,1,0,0:0:0:0:
448,192,125602,1,0,0:0:0:0:
64,192,125857,1,0,0:0:0:0:
192,192,125857,1,0,0:0:0:0:
320,192,126111,1,0,0:0:0:0:
192,192,126111,1,0,0:0:0:0:
448,192,126365,1,0,0:0:0:0:
64,192,126365,1,0,0:0:0:0:
192,192,126365,1,0,0:0:0:0:
320,192,126619,1,0,0:0:0:0:
448,192,126619,1,0,0:0:0:0:
192,192,126746,1,0,0:0:0:0:
320,192,126874,1,0,0:0:0:0:
448,192,126874,1,0,0:0:0:0:
192,192,127128,1,0,0:0:0:0:
64,192,127128,1,0,0:0:0:0:
64,192,127636,1,0,0:0:0:0:
320,192,127636,1,0,0:0:0:0:
192,192,127763,1,0,0:0:0:0:
320,192,127890,1,0,0:0:0:0:
448,192,127890,1,0,0:0:0:0:
64,192,128145,1,0,0:0:0:0:
192,192,128145,1,0,0:0:0:0:
192,192,128653,1,0,0:0:0:0:
448,192,128653,1,0,0:0:0:0:
64,192,128907,1,0,0:0:0:0:
192,192,129162,1,0,0:0:0:0:
320,192,129162,1,0,0:0:0:0:
192,192,129670,1,0,0:0:0:0:
448,192,129670,1,0,0:0:0:0:
64,192,129924,1,0,0:0:0:0:
192,192,129924,1,0,0:0:0:0:
64,192,130179,1,0,0:0:0:0:
192,192,130433,1,0,0:0:0:0:
448,192,130433,1,0,0:0:0:0:
448,192,130687,1,0,0:0:0:0:
192,192,130687,1,0,0:0:0:0:
320,192,130941,1,0,0:0:0:0:
448,192,130941,1,0,0:0:0:0:
192,192,131196,1,0,0:0:0:0:
64,192,131450,1,0,0:0:0:0:
320,192,131450,1,0,0:0:0:0:
192,192,131958,1,0,0:0:0:0:
448,192,131958,1,0,0:0:0:0:
320,192,132213,1,0,0:0:0:0:
64,192,132213,1,0,0:0:0:0:
64,192,132467,1,0,0:0:0:0:
320,192,132467,1,0,0:0:0:0:
448,192,132467,1,0,0:0:0:0:
192,192,132721,1,0,0:0:0:0:
320,192,132721,1,0,0:0:0:0:
64,192,132975,1,0,0:0:0:0:
192,192,133229,1,0,0:0:0:0:
448,192,133229,1,0,0:0:0:0:
192,192,133738,1,0,0:0:0:0:
448,192,133738,1,0,0:0:0:0:
64,192,133992,1,0,0:0:0:0:
192,192,133992,1,0,0:0:0:0:
192,192,134246,1,0,0:0:0:0:
320,192,134246,1,0,0:0:0:0:
320,192,134501,1,0,0:0:0:0:
448,192,134501,1,0,0:0:0:0:
64,192,134755,1,0,0:0:0:0:
448,192,134755,1,0,0:0:0:0:
64,192,135009,1,0,0:0:0:0:
320,192,135009,1,0,0:0:0:0:
192,192,135263,1,0,0:0:0:0:
64,192,135263,1,0,0:0:0:0:
192,192,135518,1,0,0:0:0:0:
448,192,135518,1,0,0:0:0:0:
192,192,135772,1,0,0:0:0:0:
320,192,135772,1,0,0:0:0:0:
64,192,136026,1,0,0:0:0:0:
320,192,136026,1,0,0:0:0:0:
64,192,136280,1,0,0:0:0:0:
448,192,136280,1,0,0:0:0:0:
320,192,136280,1,0,0:0:0:0:
192,192,136789,1,0,0:0:0:0:
448,192,136789,1,0,0:0:0:0:
192,192,137043,1,0,0:0:0:0:
64,192,137297,1,0,0:0:0:0:
320,192,137297,1,0,0:0:0:0:
448,192,137806,1,0,0:0:0:0:
192,192,137806,1,0,0:0:0:0:
320,192,138060,1,0,0:0:0:0:
192,192,138314,1,0,0:0:0:0:
64,192,138568,1,0,0:0:0:0:
448,192,138823,1,0,0:0:0:0:
192,192,138950,1,0,0:0:0:0:
320,192,139077,1,0,0:0:0:0:
64,192,139331,1,0,0:0:0:0:
448,192,139458,1,0,0:0:0:0:
64,192,139585,1,0,0:0:0:0:
192,192,139840,1,0,0:0:0:0:
64,192,139967,1,0,0:0:0:0:
448,192,140094,1,0,0:0:0:0:
320,192,140348,1,0,0:0:0:0:
64,192,140602,1,0,0:0:0:0:
192,192,140602,1,0,0:0:0:0:
320,192,140857,1,0,0:0:0:0:
64,192,140857,1,0,0:0:0:0:
192,192,141111,1,0,0:0:0:0:
448,192,141365,1,0,0:0:0:0:
192,192,141365,1,0,0:0:0:0:
320,192,141619,1,0,0:0:0:0:
64,192,141874,1,0,0:0:0:0:
320,192,141874,1,0,0:0:0:0:
64,192,142128,1,0,0:0:0:0:
448,192,142382,1,0,0:0:0:0:
192,192,142382,1,0,0:0:0:0:
448,192,142636,1,0,0:0:0:0:
448,192,142890,1,0,0:0:0:0:
320,192,143018,1,0,0:0:0:0:
64,192,143145,1,0,0:0:0:0:
192,192,143145,1,0,0:0:0:0:
192,192,143399,1,0,0:0:0:0:
448,192,143399,1,0,0:0:0:0:
320,192,143653,1,0,0:0:0:0:
64,192,143907,1,0,0:0:0:0:
192,192,144035,1,0,0:0:0:0:
448,192,144162,1,0,0:0:0:0:
64,192,144416,1,0,0:0:0:0:
320,192,144416,1,0,0:0:0:0:
192,192,144670,1,0,0:0:0:0:
64,192,144670,1,0,0:0:0:0:
320,192,144924,1,0,0:0:0:0:
448,192,144924,1,0,0:0:0:0:
64,192,145179,1,0,0:0:0:0:
320,192,145179,1,0,0:0:0:0:
64,192,145433,1,0,0:0:0:0:
192,192,145941,1,0,0:0:0:0:
64,192,145941,1,0,0:0:0:0:
192,192,146196,1,0,0:0:0:0:
448,192,146196,1,0,0:0:0:0:
320,192,146450,1,0,0:0:0:0:
448,192,146450,1,0,0:0:0:0:
448,192,146704,1,0,0:0:0:0:
64,192,146958,1,0,0:0:0:0:
320,192,146958,1,0,0:0:0:0:
448,192,147085,1,0,0:0:0:0:
192,192,147213,1,0,0:0:0:0:
192,192,147467,1,0,0:0:0:0:
448,192,147467,1,0,0:0:0:0:
64,192,147721,1,0,0:0:0:0:
64,192,147975,1,0,0:0:0:0:
192,192,148229,1,0,0:0:0:0:
64,192,148229,1,0,0:0:0:0:
320,192,148484,1,0,0:0:0:0:
448,192,148484,1,0,0:0:0:0:
192,192,148484,1,0,0:0:0:0:
192,192,148738,1,0,0:0:0:0:
448,192,148738,1,0,0:0:0:0:
192,192,148992,1,0,0:0:0:0:
320,192,148992,1,0,0:0:0:0:
192,192,149246,1,0,0:0:0:0:
448,192,149246,1,0,0:0:0:0:
64,192,149501,1,0,0:0:0:0:
320,192,149501,1,0,0:0:0:0:
192,192,150009,1,0,0:0:0:0:
64,192,150136,1,0,0:0:0:0:
320,192,150263,1,0,0:0:0:0:
448,192,150263,1,0,0:0:0:0:
192,192,150518,1,0,0:0:0:0:
64,192,150518,1,0,0:0:0:0:
448,192,150772,1,0,0:0:0:0:
320,192,151026,1,0,0:0:0:0:
448,192,151026,1,0,0:0:0:0:
64,192,151153,1,0,0:0:0:0:
192,192,151280,1,0,0:0:0:0:
448,192,151280,1,0,0:0:0:0:
320,192,151535,1,0,0:0:0:0:
192,192,151535,1,0,0:0:0:0:
64,192,151789,1,0,0:0:0:0:
448,192,151789,1,0,0:0:0:0:
64,192,152043,1,0,0:0:0:0:
192,192,152043,1,0,0:0:0:0:
64,192,152297,1,0,0:0:0:0:
320,192,152297,1,0,0:0:0:0:
448,192,152552,1,0,0:0:0:0:
192,192,152552,1,0,0:0:0:0:
320,192,152552,1,0,0:0:0:0:
192,192,152933,1,0,0:0:0:0:
64,192,153060,1,0,0:0:0:0:
320,192,153060,1,0,0:0:0:0:
192,192,153314,1,0,0:0:0:0:
192,192,153568,1,0,0:0:0:0:
448,192,153568,1,0,0:0:0:0:
64,192,154077,1,0,0:0:0:0:
320,192,154077,1,0,0:0:0:0:
64,192,154331,1,0,0:0:0:0:
448,192,154331,1,0,0:0:0:0:
320,192,154585,1,0,0:0:0:0:
448,192,154840,1,0,0:0:0:0:
192,192,155094,1,0,0:0:0:0:
64,192,155094,1,0,0:0:0:0:
64,192,155348,1,0,0:0:0:0:
320,192,155602,1,0,0:0:0:0:
192,192,155857,1,0,0:0:0:0:
448,192,155857,1,0,0:0:0:0:
192,192,156111,1,0,0:0:0:0:
64,192,156365,1,0,0:0:0:0:
448,192,156365,1,0,0:0:0:0:
320,192,156365,1,0,0:0:0:0:
192,192,156619,1,0,0:0:0:0:
320,192,156619,1,0,0:0:0:0:
64,192,156874,1,0,0:0:0:0:
192,192,156874,1,0,0:0:0:0:
320,192,156874,1,0,0:0:0:0:
448,192,156874,1,0,0:0:0:0:
448,192,157128,1,0,0:0:0:0:
320,192,157128,1,0,0:0:0:0:
192,192,157128,1,0,0:0:0:0:
64,192,157128,1,0,0:0:0:0:
64,192,159162,1,0,0:0:0:0:
448,192,159162,1,0,0:0:0:0:
192,192,159670,1,0,0:0:0:0:
448,192,159797,1,0,0:0:0:0:
320,192,159861,1,0,0:0:0:0:
448,192,160115,1,0,0:0:0:0:
64,192,160179,1,0,0:0:0:0:
192,192,160179,1,0,0:0:0:0:
320,192,160624,1,0,0:0:0:0:
192,192,160687,1,0,0:0:0:0:
448,192,160878,1,0,0:0:0:0:
320,192,160941,1,0,0:0:0:0:
192,192,161132,1,0,0:0:0:0:
64,192,161196,1,0,0:0:0:0:
448,192,161196,1,0,0:0:0:0:
320,192,161704,1,0,0:0:0:0:
64,192,161704,1,0,0:0:0:0:
192,192,161895,1,0,0:0:0:0:
448,192,161958,1,0,0:0:0:0:
320,192,162149,1,0,0:0:0:0:
448,192,162213,1,0,0:0:0:0:
192,192,162721,1,0,0:0:0:0:
64,192,162721,1,0,0:0:0:0:
64,192,162912,1,0,0:0:0:0:
448,192,162975,1,0,0:0:0:0:
192,192,163166,1,0,0:0:0:0:
320,192,163229,1,0,0:0:0:0:
448,192,163229,1,0,0:0:0:0:
64,192,163738,1,0,0:0:0:0:
320,192,163738,1,0,0:0:0:0:
192,192,163929,1,0,0:0:0:0:
448,192,163992,1,0,0:0:0:0:
192,192,164183,1,0,0:0:0:0:
320,192,164246,1,0,0:0:0:0:
448,192,164246,1,0,0:0:0:0:
64,192,164691,1,0,0:0:0:0:
192,192,164691,1,0,0:0:0:0:
448,192,164755,1,0,0:0:0:0:
192,192,164946,1,0,0:0:0:0:
448,192,165009,1,0,0:0:0:0:
64,192,165263,1,0,0:0:0:0:
320,192,165263,1,0,0:0:0:0:
192,192,165772,1,0,0:0:0:0:
448,192,165772,1,0,0:0:0:0:
320,192,165963,1,0,0:0:0:0:
192,192,166026,1,0,0:0:0:0:
448,192,166217,1,0,0:0:0:0:
64,192,166789,1,0,0:0:0:0:
192,192,166979,1,0,0:0:0:0:
64,192,167043,1,0,0:0:0:0:
448,192,167234,1,0,0:0:0:0:
192,192,167297,1,0,0:0:0:0:
320,192,167297,1,0,0:0:0:0:
192,192,167806,1,0,0:0:0:0:
448,192,167806,1,0,0:0:0:0:
64,192,167996,1,0,0:0:0:0:
320,192,167996,1,0,0:0:0:0:
192,192,168060,1,0,0:0:0:0:
192,192,168251,1,0,0:0:0:0:
448,192,168314,1,0,0:0:0:0:
448,192,168759,1,0,0:0:0:0:
192,192,168823,1,0,0:0:0:0:
64,192,169013,1,0,0:0:0:0:
320,192,169013,1,0,0:0:0:0:
448,192,169077,1,0,0:0:0:0:
320,192,169268,1,0,0:0:0:0:
192,192,169331,1,0,0:0:0:0:
64,192,169331,1,0,0:0:0:0:
320,192,169840,1,0,0:0:0:0:
192,192,170030,1,0,0:0:0:0:
448,192,170094,1,0,0:0:0:0:
320,192,170285,1,0,0:0:0:0:
64,192,170348,1,0,0:0:0:0:
448,192,170348,1,0,0:0:0:0:
192,192,170857,1,0,0:0:0:0:
448,192,170857,1,0,0:0:0:0:
192,192,171047,1,0,0:0:0:0:
448,192,171111,1,0,0:0:0:0:
64,192,171111,1,0,0:0:0:0:
192,192,171302,1,0,0:0:0:0:
320,192,171302,1,0,0:0:0:0:
64,192,171874,1,0,0:0:0:0:
448,192,171874,1,0,0:0:0:0:
320,192,172064,1,0,0:0:0:0:
448,192,172128,1,0,0:0:0:0:
192,192,172128,1,0,0:0:0:0:
64,192,172318,1,0,0:0:0:0:
320,192,172827,1,0,0:0:0:0:
64,192,172827,1,0,0:0:0:0:
192,192,172890,1,0,0:0:0:0:
448,192,172890,1,0,0:0:0:0:
448,192,173081,1,0,0:0:0:0:
192,192,173145,1,0,0:0:0:0:
320,192,173399,1,0,0:0:0:0:
192,192,173590,1,0,0:0:0:0:
320,192,173653,1,0,0:0:0:0:
448,192,173844,1,0,0:0:0:0:
448,192,174416,1,0,0:0:0:0:
64,192,174607,1,0,0:0:0:0:
192,192,174670,1,0,0:0:0:0:
64,192,174861,1,0,0:0:0:0:
192,192,175433,1,0,0:0:0:0:
448,192,175624,1,0,0:0:0:0:
64,192,175687,1,0,0:0:0:0:
320,192,175941,1,0,0:0:0:0:
320,192,176450,1,0,0:0:0:0:
320,192,176640,1,0,0:0:0:0:
64,192,176704,1,0,0:0:0:0:
192,192,176958,1,0,0:0:0:0:
64,192,177467,1,0,0:0:0:0:
448,192,177657,1,0,0:0:0:0:
192,192,177721,1,0,0:0:0:0:
448,192,177912,1,0,0:0:0:0:
320,192,178484,1,0,0:0:0:0:
64,192,178674,1,0,0:0:0:0:
320,192,178738,1,0,0:0:0:0:
448,192,178929,1,0,0:0:0:0:
448,192,179501,1,0,0:0:0:0:
192,192,179501,1,0,0:0:0:0:
320,192,179691,1,0,0:0:0:0:
64,192,179755,1,0,0:0:0:0:
448,192,179946,1,0,0:0:0:0:
320,192,180518,1,0,0:0:0:0:
192,192,180708,1,0,0:0:0:0:
320,192,180772,1,0,0:0:0:0:
64,192,180899,1,0,0:0:0:0:
448,192,181535,1,0,0:0:0:0:
192,192,181535,1,0,0:0:0:0:
320,192,181725,1,0,0:0:0:0:
192,192,181789,1,0,0:0:0:0:
64,192,181979,1,0,0:0:0:0:
64,192,182552,1,0,0:0:0:0:
320,192,182742,1,0,0:0:0:0:
192,192,182806,1,0,0:0:0:0:
320,192,182996,1,0,0:0:0:0:
448,192,183568,1,0,0:0:0:0:
448,192,183759,1,0,0:0:0:0:
192,192,183823,1,0,0:0:0:0:
320,192,184013,1,0,0:0:0:0:
192,192,184585,1,0,0:0:0:0:
64,192,184776,1,0,0:0:0:0:
320,192,184840,1,0,0:0:0:0:
320,192,185094,1,0,0:0:0:0:
448,192,185602,1,0,0:0:0:0:
448,192,185793,1,0,0:0:0:0:
192,192,185857,1,0,0:0:0:0:
64,192,186111,1,0,0:0:0:0:
192,192,186619,1,0,0:0:0:0:
448,192,186810,1,0,0:0:0:0:
64,192,186874,1,0,0:0:0:0:
320,192,187064,1,0,0:0:0:0:
320,192,187636,1,0,0:0:0:0:
320,192,187827,1,0,0:0:0:0:
64,192,187890,1,0,0:0:0:0:
320,192,188081,1,0,0:0:0:0:
64,192,188653,1,0,0:0:0:0:
320,192,188653,1,0,0:0:0:0: