osu file format v14

[General]
AudioFilename: audio.mp3
AudioLeadIn: 0
PreviewTime: -1
Countdown: 1
SampleSet: Normal
StackLeniency: 0.7
Mode: 3
LetterboxInBreaks: 0
SpecialStyle: 0
WidescreenStoryboard: 1

[Editor]
DistanceSpacing: 1.1
BeatDivisor: 4
GridSize: 32
TimelineZoom: 3.199999

[Metadata]
Title:Sonata no. 8 "Pathetique" mvt. 3
TitleUnicode:Sonata no. 8 "Pathetique" mvt. 3
Artist:Ludwig Van Beethoven
ArtistUnicode:Ludwig Van Beethoven
Creator:Davvyforte
Version:Moderato
Source:
Tags:
BeatmapID:2324175
BeatmapSetID:1053884

[Difficulty]
HPDrainRate:9
CircleSize:4
OverallDifficulty:8
ApproachRate:5
SliderMultiplier:1.4
SliderTickRate:3

[Events]
//Background and Video events
0,0,"background.jpg",0,0
//Break Periods
//Storyboard Layer 0 (Background)
//Storyboard Layer 1 (Fail)
//Storyboard Layer 2 (Pass)
//Storyboard Layer 3 (Foreground)
//Storyboard Layer 4 (Overlay)
//Storyboard Sound Samples

[TimingPoints]
-115,240.963855421687,4,1,0,100,1,0
-115,-103.75,4,1,0,100,0,0
848,264.31718061674,4,1,0,100,1,0
848,-94.583333,4,1,0,100,0,0
1889,252.100840336134,4,1,0,100,1,0
1889,-99.166667,4,1,0,100,0,0
2133,272.727272727272,4,1,0,100,1,0
2133,-91.666667,4,1,0,100,0,0
2413,246.913580246913,4,1,0,100,1,0
2413,-101.25,4,1,0,100,0,0
2898,240.963855421687,4,1,0,100,1,0
2898,-103.75,4,1,0,100,0,0
3379,280.373831775701,4,1,0,100,1,0
3379,-89.166667,4,1,0,100,0,0
3648,246.913580246914,4,1,0,100,1,0
3648,-101.25,4,1,0,100,0,0
3896,246.913580246914,4,1,0,100,1,0
3896,-101.25,4,1,0,100,0,0
4890,301.507537688442,4,1,0,100,1,0
4890,-82.916667,4,1,0,100,0,0
5191,201.342281879195,4,1,0,100,1,0
5191,-124.166667,4,1,0,100,0,0
5392,252.100840336134,4,1,0,100,1,0
5392,-99.166667,4,1,0,100,0,0
5883,252.100840336134,4,1,0,100,1,0
5883,-99.166667,4,1,0,100,0,0
7908,256.410256410257,4,1,0,100,1,0
7908,-97.5,4,1,0,100,0,0
8021,256.410256410257,4,1,0,100,1,0
8021,-97.5,4,1,0,100,0,0
8677,241.935483870968,4,1,0,100,1,0
8677,-103.333333,4,1,0,100,0,0
9886,255.319148936171,4,1,0,100,1,0
9886,-97.916667,4,1,0,100,0,0
10651,236.220472440946,4,1,0,100,1,0
10651,-105.833333,4,1,0,100,0,0
10887,258.620689655172,4,1,0,100,1,0
10887,-96.666667,4,1,0,100,0,0
11662,241.935483870968,4,1,0,100,1,0
11662,-103.333333,4,1,0,100,0,0
11902,264.31718061674,4,1,0,100,1,0
11902,-94.583333,4,1,0,100,0,0
12166,255.31914893617,4,1,0,100,1,0
12166,-97.916667,4,1,0,100,0,0
12945,253.164556962025,4,1,0,100,1,0
12945,-98.75,4,1,0,100,0,0
13704,224.719101123595,4,1,0,100,1,0
13704,-111.25,4,1,0,100,0,0
13928,264.31718061674,4,1,0,100,1,0
13928,-94.583333,4,1,0,100,0,0
14985,236.220472440945,4,1,0,100,1,0
14985,-105.833333,4,1,0,100,0,0
15929,236.220472440945,4,1,0,100,1,0
15929,-105.833333,4,1,0,100,0,0
16165,266.666666666667,4,1,0,100,1,0
16165,-93.75,4,1,0,100,0,0
16424,266.666666666667,4,1,0,100,1,0
16424,-93.75,4,1,0,100,0,0
16698,285.714285714286,4,1,0,100,1,0
16698,-87.5,4,1,0,100,0,0
16983,266.666666666667,4,1,0,100,1,0
16983,-93.75,4,1,0,100,0,0
18049,291.26213592233,4,1,0,100,1,0
18049,-85.833333,4,1,0,100,0,0
19214,256.410256410256,4,1,0,100,1,0
19214,-97.5,4,1,0,100,0,0
20219,256.410256410256,4,1,0,100,1,0
20219,-97.5,4,1,0,100,0,0
21244,317.460317460317,4,1,0,100,1,0
21244,-78.75,4,1,0,100,0,0
21878,273.972602739726,4,1,0,100,1,0
21878,-91.25,4,1,0,100,0,0
22425,291.26213592233,4,1,0,100,1,0
22425,-85.833333,4,1,0,100,0,0
23590,257.510729613734,4,1,0,100,1,0
23590,-97.083333,4,1,0,100,0,0
24362,232.558139534884,4,1,0,100,1,0
24362,-107.5,4,1,0,100,0,0
24594,260.869565217391,4,1,0,100,1,0
24594,-95.833333,4,1,0,100,0,0
25637,256.410256410256,4,1,0,100,1,0
25637,-97.5,4,1,0,100,0,0
26149,279.06976744186,4,1,0,100,1,0
26149,-89.583333,4,1,0,100,0,0
26426,267.857142857143,4,1,0,100,1,0
26426,-93.333333,4,1,0,100,0,0
26693,245.901639344262,4,1,0,100,1,0
26693,-101.666667,4,1,0,100,0,0
28660,265.486725663717,4,1,0,100,1,0
28660,-94.166667,4,1,0,100,0,0
29721,253.164556962025,4,1,0,100,1,0
29721,-98.75,4,1,0,100,0,0
30733,239.043824701195,4,1,0,100,1,0
30733,-104.583333,4,1,0,100,0,0
31689,297.029702970297,4,1,0,100,1,0
31689,-84.166667,4,1,0,100,0,0
31986,256.410256410256,4,1,0,100,1,0
31986,-97.5,4,1,0,100,0,0
32755,288.461538461538,4,1,0,100,1,0
32755,-86.666667,4,1,0,100,0,0
33043,266.666666666667,4,1,0,100,1,0
33043,-93.75,4,1,0,100,0,0
33843,263.157894736842,4,1,0,100,1,0
33843,-95,4,1,0,100,0,0
34882,251.046025104603,4,1,0,100,1,0
34882,-99.583333,4,1,0,100,0,0
35886,243.90243902439,4,1,0,100,1,0
35886,-102.5,4,1,0,100,0,0
36861,241.935483870968,4,1,0,100,1,0
36861,-103.333333,4,1,0,100,0,0
37344,228.136882129278,4,1,0,100,1,0
37344,-109.583333,4,1,0,100,0,0
37800,239.043824701195,4,1,0,100,1,0
37800,-104.583333,4,1,0,100,0,0
38278,265.486725663717,4,1,0,100,1,0
38278,-94.166667,4,1,0,100,0,0
38543,242.914979757085,4,1,0,100,1,0
38543,-102.916667,4,1,0,100,0,0
39757,248.96265560166,4,1,0,100,1,0
39757,-100.416667,4,1,0,100,0,0
40752,240.963855421687,4,1,0,100,1,0
40752,-103.75,4,1,0,100,0,0
40992,210.526315789474,4,1,0,100,1,0
40992,-118.75,4,1,0,100,0,0
41188,210.526315789474,4,1,0,100,1,0
41188,-118.75,4,1,0,100,0,0
41413,257.510729613734,4,1,0,100,1,0
41413,-97.083333,4,1,0,100,0,0
41670,229.007633587786,4,1,0,100,1,0
41670,-109.166667,4,1,0,100,0,0
42128,253.164556962026,4,1,0,100,1,0
42128,-98.75,4,1,0,100,0,0
42928,234.375,4,1,0,100,1,0
42928,-106.666667,4,1,0,100,0,0
43159,283.018867924528,4,1,0,100,1,0
43159,-88.333333,4,1,0,100,0,0
43428,238.095238095238,4,1,0,100,1,0
43428,-105,4,1,0,100,0,0
43692,294.117647058824,4,1,0,100,1,0
43692,-85,4,1,0,100,0,0
45473,279.06976744186,4,1,0,100,1,0
45473,-89.583333,4,1,0,100,0,0
45751,317.460317460317,4,1,0,100,1,0
45751,-78.75,4,1,0,100,0,0
46060,295.566502463054,4,1,0,100,1,0
46060,-84.583333,4,1,0,100,0,0
47841,317.460317460317,4,1,0,100,1,0
47841,-78.75,4,1,0,100,0,0
48475,307.692307692308,4,1,0,100,1,0
48475,-81.25,4,1,0,100,0,0
49705,291.26213592233,4,1,0,100,1,0
49705,-85.833333,4,1,0,100,0,0
50287,256.410256410256,4,1,0,100,1,0
50287,-97.5,4,1,0,100,0,0
50543,317.460317460317,4,1,0,100,1,0
50543,-78.75,4,1,0,100,0,0
50860,292.682926829268,4,1,0,100,1,0
50860,-85.416667,4,1,0,100,0,0
51738,337.078651685393,4,1,0,100,1,0
51738,-74.166667,4,1,0,100,0,0
52069,307.692307692308,4,1,0,100,1,0
52069,-81.25,4,1,0,100,0,0
52684,287.081339712919,4,1,0,100,1,0
52684,-87.083333,4,1,0,100,0,0
53264,247.93388429752,4,1,0,100,1,0
53264,-100.833333,4,1,0,100,0,0
54529,218.181818181818,4,1,0,100,1,0
54529,-114.583333,4,1,0,100,0,0
54758,260.869565217391,4,1,0,100,1,0
54758,-95.833333,4,1,0,100,0,0
55279,245.901639344262,4,1,0,100,1,0
55279,-101.666667,4,1,0,100,0,0
57246,256.410256410256,4,1,0,100,1,0
57246,-97.5,4,1,0,100,0,0
58271,251.046025104603,4,1,0,100,1,0
58271,-99.583333,4,1,0,100,0,0
59262,251.046025104603,4,1,0,100,1,0
59262,-99.583333,4,1,0,100,0,0
59513,205.479452054795,4,1,0,100,1,0
59513,-121.666667,4,1,0,100,0,0
59923,238.095238095238,4,1,0,100,1,0
59923,-105,4,1,0,100,0,0
60179,260.869565217391,4,1,0,100,1,0
60179,-95.833333,4,1,0,100,0,0
61222,229.885057471264,4,1,0,100,1,0
61222,-108.75,4,1,0,100,0,0
61451,251.046025104603,4,1,0,100,1,0
61451,-99.583333,4,1,0,100,0,0
61702,266.666666666667,4,1,0,100,1,0
61702,-93.75,4,1,0,100,0,0
62252,281.69014084507,4,1,0,100,1,0
62252,-88.75,4,1,0,100,0,0
64208,222.222222222222,4,1,0,100,1,0
64208,-112.5,4,1,0,100,0,0
64455,265.486725663717,4,1,0,100,1,0
64455,-94.166667,4,1,0,100,0,0
65516,248.96265560166,4,1,0,100,1,0
65516,-100.416667,4,1,0,100,0,0
66262,236.220472440945,4,1,0,100,1,0
66262,-100.416667,4,1,0,100,0,0
66511,218.181818181818,4,1,0,100,1,0
66511,-114.583333,4,1,0,100,0,0
66969,270.27027027027,4,1,0,100,1,0
66969,-92.5,4,1,0,100,0,0
67509,247.933884297521,4,1,0,100,1,0
67509,-100.833333,4,1,0,100,0,0
69226,218.978102189781,4,1,0,100,1,0
69226,-114.166667,4,1,0,100,0,0
69462,252.100840336134,4,1,0,100,1,0
69462,-99.166667,4,1,0,100,0,0
70218,228.136882129278,4,1,0,100,1,0
70218,-109.583333,4,1,0,100,0,0
70445,245.901639344262,4,1,0,100,1,0
70445,-101.666667,4,1,0,100,0,0
70936,228.136882129278,4,1,0,100,1,0
70936,-109.583333,4,1,0,100,0,0
71164,234.375,4,1,0,100,1,0
71164,-106.666667,4,1,0,100,0,0
72335,250,4,1,0,100,1,0
72335,-100,4,1,0,100,0,0
73335,244.897959183673,4,1,0,100,1,0
73335,-102.083333,4,1,0,100,0,0
74069,218.181818181818,4,1,0,100,1,0
74069,-114.583333,4,1,0,100,0,0
74287,265.486725663716,4,1,0,100,1,0
74287,-94.166667,4,1,0,100,0,0
75069,229.885057471264,4,1,0,100,1,0
75069,-108.75,4,1,0,100,0,0
75294,281.69014084507,4,1,0,100,1,0
75294,-88.75,4,1,0,100,0,0
75575,258.620689655172,4,1,0,100,1,0
75575,-96.666667,4,1,0,100,0,0
76350,237.154150197628,4,1,0,100,1,0
76350,-105.416667,4,1,0,100,0,0
77298,275.229357798165,4,1,0,100,1,0
77298,-90.833333,4,1,0,100,0,0
77573,257.510729613734,4,1,0,100,1,0
77573,-97.083333,4,1,0,100,0,0
78345,237.154150197628,4,1,0,100,1,0
78345,-105.416667,4,1,0,100,0,0
79293,260.869565217391,4,1,0,100,1,0
79293,-95.833333,4,1,0,100,0,0
79553,237.154150197628,4,1,0,100,1,0
79553,-105.416667,4,1,0,100,0,0
79790,283.018867924528,4,1,0,100,1,0
79790,-88.333333,4,1,0,100,0,0
80356,263.157894736842,4,1,0,100,1,0
80356,-95,4,1,0,100,0,0
81145,254.237288135593,4,1,0,100,1,0
81145,-98.333333,4,1,0,100,0,0
82159,304.568527918782,4,1,0,100,1,0
82159,-82.083333,4,1,0,100,0,0
83380,298.507462686567,4,1,0,100,1,0
83380,-83.75,4,1,0,100,0,0
84285,275.229357798165,4,1,0,100,1,0
84285,-90.833333,4,1,0,100,0,0
86211,324.324324324324,4,1,0,100,1,0
86211,-77.083333,4,1,0,100,0,0
86528,277.777777777778,4,1,0,100,1,0
86528,-90,4,1,0,100,0,0
87361,319.148936170213,4,1,0,100,1,0
87361,-78.333333,4,1,0,100,0,0
87680,277.777777777778,4,1,0,100,1,0
87680,-90,4,1,0,100,0,0
88513,255.31914893617,4,1,0,100,1,0
88513,-97.916667,4,1,0,100,0,0
89023,284.36018957346,4,1,0,100,1,0
89023,-87.916667,4,1,0,100,0,0
90729,335.195530726257,4,1,0,100,1,0
90729,-74.583333,4,1,0,100,0,0
91064,273.972602739726,4,1,0,100,1,0
91064,-91.25,4,1,0,100,0,0
92159,285.714285714286,4,1,0,100,1,0
92159,-87.5,4,1,0,100,0,0
94437,265.486725663717,4,1,0,100,1,0
94437,-94.166667,4,1,0,100,0,0
94702,281.69014084507,4,1,0,100,1,0
94702,-88.75,4,1,0,100,0,0
95547,315.789473684211,4,1,0,100,1,0
95547,-79.166667,4,1,0,100,0,0
95862,272.727272727273,4,1,0,100,1,0
95862,-91.666667,4,1,0,100,0,0
96952,294.117647058824,4,1,0,100,1,0
96952,-85,4,1,0,100,0,0
97834,257.510729613734,4,1,0,100,1,0
97834,-97.083333,4,1,0,100,0,0
98092,272.727272727273,4,1,0,100,1,0
98092,-91.666667,4,1,0,100,0,0
100001,310.880829015544,4,1,0,100,1,0
100001,-80.416667,4,1,0,100,0,0
100622,260.869565217391,4,1,0,100,1,0
100622,-95.833333,4,1,0,100,0,0
100882,275.229357798165,4,1,0,100,1,0
100882,-90.833333,4,1,0,100,0,0
103083,262.008733624454,4,1,0,100,1,0
103083,-95.416667,4,1,0,100,0,0
104121,245.901639344262,4,1,0,100,1,0
104121,-101.666667,4,1,0,100,0,0
105104,271.493212669683,4,1,0,100,1,0
105104,-92.083333,4,1,0,100,0,0
105646,238.095238095238,4,1,0,100,1,0
105646,-105,4,1,0,100,0,0
106105,250,4,1,0,100,1,0
106105,-100,4,1,0,100,0,0
109105,254.237288135593,4,1,0,100,1,0
109105,-98.333333,4,1,0,100,0,0
110121,245.901639344262,4,1,0,100,1,0
110121,-101.666667,4,1,0,100,0,0
111104,237.154150197628,4,1,0,100,1,0
111104,-105.416667,4,1,0,100,0,0
111578,248.96265560166,4,1,0,100,1,0
111578,-100.416667,4,1,0,100,0,0
112075,270.27027027027,4,1,0,100,1,0
112075,-92.5,4,1,0,100,0,0
112599,240.963855421687,4,1,0,100,1,0
112599,-103.75,4,1,0,100,0,0
113096,222.222222222222,4,1,0,100,1,0
113096,-112.5,4,1,0,100,0,0
113318,255.31914893617,4,1,0,100,1,0
113318,-97.916667,4,1,0,100,0,0
113828,211.267605633803,4,1,0,100,1,0
113828,-118.333333,4,1,0,100,0,0
114039,283.018867924528,4,1,0,100,1,0
114039,-95.416667,4,1,0,100,0,0
114508,281.69014084507,4,1,0,100,1,0
114508,-88.75,4,1,0,100,0,0
114795,211.267605633803,4,1,0,100,1,0
114795,-118.333333,4,1,0,100,0,0
115268,231.660231660232,4,1,0,100,1,0
115268,-107.916667,4,1,0,100,0,0
115344,241.935483870968,4,1,0,100,1,0
115344,-103.333333,4,1,0,100,0,0
115721,246.913580246914,4,1,0,100,1,0
115721,-101.25,4,1,0,100,0,0
115809,275.229357798165,4,1,0,100,1,0
115809,-90.833333,4,1,0,100,0,0
115946,275.229357798165,4,1,0,100,1,0
115946,-90.833333,4,1,0,100,0,0
116219,266.666666666667,4,1,0,100,1,0
116219,-93.75,4,1,0,100,0,0
116527,248.96265560166,4,1,0,100,1,0
116527,-100.416667,4,1,0,100,0,0
116727,254.237288135593,4,1,0,100,1,0
116727,-98.333333,4,1,0,100,0,0
116770,254.237288135593,4,1,0,100,1,0
116770,-98.333333,4,1,0,100,0,0
116917,254.237288135593,4,1,0,100,1,0
116917,-98.333333,4,1,0,100,0,0
117044,217.391304347826,4,1,0,100,1,0
117044,-115,4,1,0,100,0,0
117179,279.06976744186,4,1,0,100,1,0
117179,-89.583333,4,1,0,100,0,0
117458,262.008733624454,4,1,0,100,1,0
117458,-95.416667,4,1,0,100,0,0
117710,262.008733624454,4,1,0,100,1,0
117710,-95.416667,4,1,0,100,0,0
117863,238.095238095238,4,1,0,100,1,0
117863,-105,4,1,0,100,0,0
118815,232.558139534884,4,1,0,100,1,0
118815,-107.5,4,1,0,100,0,0
120442,265.486725663717,4,1,0,100,1,0
120442,-94.166667,4,1,0,100,0,0
120705,226.415094339623,4,1,0,100,1,0
120705,-110.416667,4,1,0,100,0,0
121384,248.96265560166,4,1,0,100,1,0
121384,-100.416667,4,1,0,100,0,0
122606,229.007633587786,4,1,0,100,1,0
122606,-109.166667,4,1,0,100,0,0
122823,195.439739413681,4,1,0,100,1,0
122823,-127.916667,4,1,0,100,0,0
123029,206.896551724138,4,1,0,100,1,0
123029,-120.833333,4,1,0,100,0,0
123235,276.497695852534,4,1,0,100,1,0
123235,-89.2857142857143,4,1,0,100,0,0
123582,231.660231660232,4,1,0,100,1,0
123582,-107.916667,4,1,0,100,0,0
125666,252.100840336134,4,1,0,100,1,0
125666,-99.166667,4,1,0,100,0,0
126674,298.507462686567,4,1,0,100,1,0
126674,-83.75,4,1,0,100,0,0
126972,218.181818181818,4,1,0,100,1,0
126972,-114.583333,4,1,0,100,0,0
127626,245.901639344262,4,1,0,100,1,0
127626,-101.666667,4,1,0,100,0,0
128363,277.777777777778,4,1,0,100,1,0
128363,-90,4,1,0,100,0,0
128918,228.136882129278,4,1,0,100,1,0
128918,-109.583333,4,1,0,100,0,0
129602,260.869565217391,4,1,0,100,1,0
129602,-95.833333,4,1,0,100,0,0
129862,235.294117647059,4,1,0,100,1,0
129862,-106.25,4,1,0,100,0,0
130803,280.373831775701,4,1,0,100,1,0
130803,-89.166667,4,1,0,100,0,0
131083,237.154150197628,4,1,0,100,1,0
131083,-105.416667,4,1,0,100,0,0
132031,256.410256410256,4,1,0,100,1,0
132031,-97.5,4,1,0,100,0,0
132543,223.048327137546,4,1,0,100,1,0
132543,-112.083333,4,1,0,100,0,0
132766,235.294117647059,4,1,0,100,1,0
132766,-106.25,4,1,0,100,0,0
133471,269.058295964126,4,1,0,100,1,0
133471,-92.916667,4,1,0,100,0,0
134009,232.558139534884,4,1,0,100,1,0
134009,-107.5,4,1,0,100,0,0
134241,213.523131672598,4,1,0,100,1,0
134241,-117.083333,4,1,0,100,0,0
134347,273.972602739726,4,1,0,100,1,0
134347,-91.25,4,1,0,100,0,0
134483,241.935483870968,4,1,0,100,1,0
134483,-103.333333,4,1,0,100,0,0
135471,289.855072463769,4,1,0,100,1,0
135471,-88.4955752212389,4,1,0,100,0,0
135724,229.885057471265,4,1,0,100,1,0
135724,-107.52688172043,4,1,0,100,0,0
136418,239.043824701195,4,1,0,100,1,0
136418,-104.583333,4,1,0,100,0,0
137374,394.736842105263,4,1,0,100,1,0
137374,-63.333333,4,1,0,100,0,0
137768,265.486725663717,4,1,0,100,1,0
137768,-94.166667,4,1,0,100,0,0
138564,250,4,1,0,100,1,0
138564,-100,4,1,0,100,0,0
139064,291.26213592233,4,1,0,100,1,0
139064,-85.833333,4,1,0,100,0,0
139355,253.164556962025,4,1,0,100,1,0
139355,-98.75,4,1,0,100,0,0
141127,289.855072463768,4,1,0,100,1,0
141127,-86.25,4,1,0,100,0,0
141416,255.31914893617,4,1,0,100,1,0
141416,-97.916667,4,1,0,100,0,0
142181,297.029702970297,4,1,0,100,1,0
142181,-84.166667,4,1,0,100,0,0
142478,246.913580246914,4,1,0,100,1,0
142478,-101.25,4,1,0,100,0,0
145194,288.461538461538,4,1,0,100,1,0
145194,-86.666667,4,1,0,100,0,0
145482,248.96265560166,4,1,0,100,1,0
145482,-100.416667,4,1,0,100,0,0
146726,236.220472440945,4,1,0,100,1,0
146726,-105.833333,4,1,0,100,0,0
147670,251.046025104603,4,1,0,100,1,0
147670,-99.583333,4,1,0,100,0,0
149427,237.154150197628,4,1,0,100,1,0
149427,-105.416667,4,1,0,100,0,0
149664,252.100840336134,4,1,0,100,1,0
149664,-99.166667,4,1,0,100,0,0
150662,239.043824701195,4,1,0,100,1,0
150662,-104.583333,4,1,0,100,0,0
151579,254.237288135593,4,1,0,100,1,0
151579,-98.333333,4,1,0,100,0,0
152595,250,4,1,0,100,1,0
152595,-100,4,1,0,100,0,0
154595,239.043824701195,4,1,0,100,1,0
154595,-104.583333,4,1,0,100,0,0
155073,228.136882129277,4,1,0,100,1,0
155073,-109.583333,4,1,0,100,0,0
155312,265.486725663717,4,1,0,100,1,0
155312,-94.166667,4,1,0,100,0,0
155577,257.510729613734,4,1,0,100,1,0
155577,-97.083333,4,1,0,100,0,0
156607,279.06976744186,4,1,0,100,1,0
156607,-89.583333,4,1,0,100,0,0
156891,272.727272727273,4,1,0,100,1,0
156891,-91.666667,4,1,0,100,0,0
157163,272.727272727273,4,1,0,100,1,0
157163,-91.666667,4,1,0,100,0,0
157708,267.857142857143,4,1,0,100,1,0
157708,-93.333333,4,1,0,100,0,0
158779,291.26213592233,4,1,0,100,1,0
158779,-85.833333,4,1,0,100,0,0
159072,309.278350515464,4,1,0,100,1,0
159072,-80.833333,4,1,0,100,0,0
159381,283.018867924528,4,1,0,100,1,0
159381,-88.333333,4,1,0,100,0,0
159945,370.37037037037,4,1,0,100,1,0
159945,-67.5,4,1,0,100,0,0
160315,327.868852459016,4,1,0,100,1,0
160315,-76.25,4,1,0,100,0,0
161298,301.507537688442,4,1,0,100,1,0
161298,-82.916667,4,1,0,100,0,0
161599,319.148936170213,4,1,0,100,1,0
161599,-78.333333,4,1,0,100,0,0
162237,346.820809248555,4,1,0,100,1,0
162237,-72.083333,4,1,0,100,0,0
162930,359.281437125748,4,1,0,100,1,0
162930,-69.583333,4,1,0,100,0,0
164007,294.117647058824,4,1,0,100,1,0
164007,-85,4,1,0,100,0,0
164595,264.31718061674,4,1,0,100,1,0
164595,-94.583333,4,1,0,100,0,0
165387,301.507537688442,4,1,0,100,1,0
165387,-82.916667,4,1,0,100,0,0
165990,277.777777777778,4,1,0,100,1,0
165990,-90,4,1,0,100,0,0
167378,291.26213592233,4,1,0,100,1,0
167378,-85.833333,4,1,0,100,0,0
168543,266.666666666667,4,1,0,100,1,0
168543,-93.75,4,1,0,100,0,0
169076,251.046025104603,4,1,0,100,1,0
169076,-99.583333,4,1,0,100,0,0
169829,314.13612565445,4,1,0,100,1,0
169829,-79.583333,4,1,0,100,0,0
170143,256.410256410256,4,1,0,100,1,0
170143,-97.5,4,1,0,100,0,0
170655,294.117647058824,4,1,0,100,1,0
170655,-85,4,1,0,100,0,0
170949,263.157894736842,4,1,0,100,1,0
170949,-95,4,1,0,100,0,0
171475,238.095238095238,4,1,0,100,1,0
171475,-105,4,1,0,100,0,0
171713,280.373831775701,4,1,0,100,1,0
171713,-89.166667,4,1,0,100,0,0
172554,222.222222222222,4,1,0,100,1,0
172554,-112.5,4,1,0,100,0,0
172776,280.373831775701,4,1,0,100,1,0
172776,-89.166667,4,1,0,100,0,0
173056,280.373831775701,4,1,0,100,1,0
173056,-89.166667,4,1,0,100,0,0
173616,234.375,4,1,0,100,1,0
173616,-106.666667,4,1,0,100,0,0
173849,301.507537688443,4,1,0,100,1,0
173849,-82.916667,4,1,0,100,0,0
174452,292.682926829269,4,1,0,100,1,0
174452,-85.416667,4,1,0,100,0,0
174744,265.486725663717,4,1,0,100,1,0
174744,-94.166667,4,1,0,100,0,0
175008,265.486725663717,4,1,0,100,1,0
175008,-94.166667,4,1,0,100,0,0
175538,288.461538461539,4,1,0,100,1,0
175538,-86.666667,4,1,0,100,0,0
176691,284.36018957346,4,1,0,100,1,0
176691,-87.916667,4,1,0,100,0,0
177544,310.880829015545,4,1,0,100,1,0
177544,-80.416667,4,1,0,100,0,0
177855,281.690140845071,4,1,0,100,1,0
177855,-88.75,4,1,0,100,0,0
178700,288.461538461539,4,1,0,100,1,0
178700,-86.666667,4,1,0,100,0,0
178988,221.40221402214,4,1,0,100,1,0
178988,-112.916667,4,1,0,100,0,0
179209,238.095238095238,4,1,0,100,1,0
179209,-105,4,1,0,100,0,0
179685,263.157894736842,4,1,0,100,1,0
179685,-95,4,1,0,100,0,0
179948,235.294117647059,4,1,0,100,1,0
179948,-106.25,4,1,0,100,0,0
180183,212.014134275618,4,1,0,100,1,0
180183,-117.916667,4,1,0,100,0,0
180395,212.014134275618,4,1,0,100,1,0
180395,-117.916667,4,1,0,100,0,0
180607,272.727272727273,4,1,0,100,1,0
180607,-91.666667,4,1,0,100,0,0
180879,253.164556962025,4,1,0,100,1,0
180879,-98.75,4,1,0,100,0,0
182144,239.043824701195,4,1,0,100,1,0
182144,-104.583333,4,1,0,100,0,0
182610,280.373831775701,4,1,0,100,1,0
182610,-89.166667,4,1,0,100,0,0
182890,219.78021978022,4,1,0,100,1,0
182890,-113.75,4,1,0,100,0,0
183109,250,4,1,0,100,1,0
183109,-100,4,1,0,100,0,0
183584,250,4,1,0,100,1,0
183584,-100,4,1,0,100,0,0
184319,245.901639344262,4,1,0,100,1,0
184319,-101.666667,4,1,0,100,0,0
184810,235.294117647059,4,1,0,100,1,0
184810,-106.25,4,1,0,100,0,0
185515,279.069767441861,4,1,0,100,1,0
185515,-89.583333,4,1,0,100,0,0
185794,232.558139534884,4,1,0,100,1,0
185794,-107.5,4,1,0,100,0,0
186491,246.913580246914,4,1,0,100,1,0
186491,-101.25,4,1,0,100,0,0
187231,204.081632653061,4,1,0,100,1,0
187231,-122.5,4,1,0,100,0,0
187478,237.154150197629,4,1,0,100,1,0
187478,-105.416667,4,1,0,100,0,0
188189,226.415094339623,4,1,0,100,1,0
188189,-110.416667,4,1,0,100,0,0
188415,265.486725663717,4,1,0,100,1,0
188415,-94.166667,4,1,0,100,0,0
189179,252.100840336135,4,1,0,100,1,0
189179,-99.166667,4,1,0,100,0,0
190187,224.719101123596,4,1,0,100,1,0
190187,-111.25,4,1,0,100,0,0
190579,240.963855421687,4,1,0,100,1,0
190579,-103.75,4,1,0,100,0,0
190695,235.294117647059,4,1,0,100,1,0
190695,-106.25,4,1,0,100,0,0
191394,253.164556962025,4,1,0,100,1,0
191394,-98.75,4,1,0,100,0,0
191900,247.933884297521,4,1,0,100,1,0
191900,-100.833333,4,1,0,100,0,0
192131,247.933884297521,4,1,0,100,1,0
192131,-100.833333,4,1,0,100,0,0
192339,271.493212669684,4,1,0,100,1,0
192339,-92.083333,4,1,0,100,0,0
192610,258.620689655173,4,1,0,100,1,0
192610,-96.666667,4,1,0,100,0,0
193644,236.220472440945,4,1,0,100,1,0
193644,-105.833333,4,1,0,100,0,0
194352,258.620689655173,4,1,0,100,1,0
194352,-96.666667,4,1,0,100,0,0
194869,226.415094339623,4,1,0,100,1,0
194869,-110.416667,4,1,0,100,0,0
195321,252.100840336135,4,1,0,100,1,0
195321,-99.166667,4,1,0,100,0,0
196313,250,4,1,0,100,1,0
196313,-100,4,1,0,100,0,0
196813,251.046025104603,4,1,0,100,1,0
196813,-99.583333,4,1,0,100,0,0
197553,243.90243902439,4,1,0,100,1,0
197553,-102.5,4,1,0,100,0,0
198040,273.972602739726,4,1,0,100,1,0
198040,-90.0900900900901,4,1,0,100,0,0
198557,267.857142857143,4,1,0,100,1,0
198557,-93.333333,4,1,0,100,0,0
199072,247.933884297521,4,1,0,100,1,0
199312,248.96265560166,4,1,0,100,1,0
199312,-100.416667,4,1,0,100,0,0
200045,248.96265560166,4,1,0,100,1,0
200045,-100.416667,4,1,0,100,0,0
200307,324.324324324325,4,1,0,100,1,0
200307,-77.083333,4,1,0,100,0,0
200631,241.935483870968,4,1,0,100,1,0
200631,-103.333333,4,1,0,100,0,0
200872,331.491712707183,4,1,0,100,1,0
200872,-75.416667,4,1,0,100,0,0
201206,206.896551724138,4,1,0,100,1,0
201206,-120.833333,4,1,0,100,0,0
201413,266.666666666667,4,1,0,100,1,0
201413,-93.75,4,1,0,100,0,0
202213,237.154150197629,4,1,0,100,1,0
202213,-105.416667,4,1,0,100,0,0
202449,263.157894736843,4,1,0,100,1,0
202449,-95,4,1,0,100,0,0
203289,212.765957446809,4,1,0,100,1,0
203289,-117.647058823529,4,1,0,100,0,0
203764,247.933884297521,4,1,0,100,1,0
203764,-100.833333,4,1,0,100,0,0
204011,297.029702970298,4,1,0,100,1,0
204011,-84.166667,4,1,0,100,0,0
204312,226.415094339623,4,1,0,100,1,0
204312,-110.416667,4,1,0,100,0,0
204538,279.069767441861,4,1,0,100,1,0
204538,-89.583333,4,1,0,100,0,0
205074,346.820809248556,4,1,0,100,1,0
205074,-72.083333,4,1,0,100,0,0
205424,252.100840336135,4,1,0,100,1,0
205424,-99.166667,4,1,0,100,0,0
205675,352.94117647059,4,1,0,100,1,0
205675,-70.833333,4,1,0,100,0,0
206028,292.682926829269,4,1,0,100,1,0
206028,-85.416667,4,1,0,100,0,0
206322,259.740259740261,4,1,0,100,1,0
206322,-96.25,4,1,0,100,0,0
206950,297.029702970298,4,1,0,100,1,0
206950,-84.166667,4,1,0,100,0,0
208138,346.820809248557,4,1,0,100,1,0
208138,-72.083333,4,1,0,100,0,0
208310,257.510729613735,4,1,0,100,1,0
208310,-97.083333,4,1,0,100,0,0
208611,255.319148936171,4,1,0,100,1,0
208611,-97.916667,4,1,0,100,0,0
208849,208.333333333334,4,1,0,100,1,0
208849,-120,4,1,0,100,0,0
209063,208.333333333334,4,1,0,100,1,0
209063,-120,4,1,0,100,0,0
209479,188.679245283019,4,1,0,100,1,0
209479,-132.5,4,1,0,100,0,0
209896,461.538461538464,4,1,0,100,1,0
209896,-54.166667,4,1,0,100,0,0
211752,317.460317460319,4,1,0,100,1,0
211752,-78.75,4,1,0,100,0,0
212068,254.237288135594,4,1,0,100,1,0
212068,-98.333333,4,1,0,100,0,0
212320,335.195530726259,4,1,0,100,1,0
212320,-74.583333,4,1,0,100,0,0
212963,333.333333333335,4,1,0,100,1,0
212963,-75,4,1,0,100,0,0
213621,309.278350515465,4,1,0,100,1,0
213621,-80.833333,4,1,0,100,0,0
214546,276.497695852536,4,1,0,100,1,0
214546,-90.416667,4,1,0,100,0,0
214822,368.098159509204,4,1,0,100,1,0
214822,-67.916667,4,1,0,100,0,0
215518,357.142857142859,4,1,0,100,1,0
215518,-70,4,1,0,100,0,0
216225,869.565217391314,4,1,0,100,1,0
216225,-28.75,4,1,0,100,0,0
217107,315.789473684212,4,1,0,100,1,0
217107,-79.166667,4,1,0,100,0,0
217422,344.827586206898,4,1,0,100,1,0
217422,-72.5,4,1,0,100,0,0
218801,338.983050847459,4,1,0,100,1,0
218801,-73.75,4,1,0,100,0,0
219817,223.048327137547,4,1,0,100,1,0
219817,-112.083333,4,1,0,100,0,0
220040,263.157894736843,4,1,0,100,1,0
220040,-95,4,1,0,100,0,0
220561,212.014134275619,4,1,0,100,1,0
220561,-117.916667,4,1,0,100,0,0
220765,234.375000000001,4,1,0,100,1,0
220765,-106.666667,4,1,0,100,0,0


[HitObjects]
64,192,487,5,0,0:0:0:0:
192,192,607,1,0,0:0:0:0:
320,192,728,1,0,0:0:0:0:
448,192,848,1,0,0:0:0:0:
64,192,848,1,0,0:0:0:0:
192,192,980,1,0,0:0:0:0:
320,192,1112,1,0,0:0:0:0:
448,192,1244,1,0,0:0:0:0:
192,192,1244,1,0,0:0:0:0:
320,192,1376,1,0,0:0:0:0:
64,192,1376,1,0,0:0:0:0:
448,192,1508,1,0,0:0:0:0:
192,192,1640,1,0,0:0:0:0:
448,192,1773,1,0,0:0:0:0:
64,192,1773,1,0,0:0:0:0:
320,192,1889,1,0,0:0:0:0:
192,192,1889,1,0,0:0:0:0:
448,192,2015,1,0,0:0:0:0:
64,192,2133,1,0,0:0:0:0:
192,192,2269,1,0,0:0:0:0:
448,192,2360,1,0,0:0:0:0:
64,192,2413,1,0,0:0:0:0:
192,192,2536,1,0,0:0:0:0:
448,192,2659,1,0,0:0:0:0:
320,192,2659,1,0,0:0:0:0:
64,192,2783,1,0,0:0:0:0:
448,192,2845,1,0,0:0:0:0:
192,192,2898,1,0,0:0:0:0:
320,192,3018,1,0,0:0:0:0:
448,192,3138,1,0,0:0:0:0:
64,192,3138,1,0,0:0:0:0:
192,192,3259,1,0,0:0:0:0:
448,192,3379,1,0,0:0:0:0:
320,192,3379,1,0,0:0:0:0:
64,192,3519,1,0,0:0:0:0:
192,192,3648,1,0,0:0:0:0:
448,192,3648,1,0,0:0:0:0:
64,192,3771,1,0,0:0:0:0:
448,192,3896,1,0,0:0:0:0:
64,192,4019,1,0,0:0:0:0:
192,192,4142,1,0,0:0:0:0:
320,192,4266,1,0,0:0:0:0:
64,192,4389,1,0,0:0:0:0:
192,192,4513,1,0,0:0:0:0:
448,192,4636,1,0,0:0:0:0:
320,192,4636,1,0,0:0:0:0:
64,192,4760,1,0,0:0:0:0:
448,192,4890,1,0,0:0:0:0:
320,192,4965,1,0,0:0:0:0:
192,192,5040,1,0,0:0:0:0:
448,192,5191,1,0,0:0:0:0:
64,192,5291,1,0,0:0:0:0:
320,192,5392,1,0,0:0:0:0:
192,192,5392,1,0,0:0:0:0:
448,192,5518,1,0,0:0:0:0:
64,192,5644,1,0,0:0:0:0:
192,192,5644,1,0,0:0:0:0:
320,192,5770,1,0,0:0:0:0:
64,192,5883,1,0,0:0:0:0:
192,192,5946,1,0,0:0:0:0:
320,192,6009,1,0,0:0:0:0:
64,192,6135,1,0,0:0:0:0:
448,192,6261,1,0,0:0:0:0:
192,192,6387,1,0,0:0:0:0:
320,192,6387,1,0,0:0:0:0:
64,192,6513,1,0,0:0:0:0:
320,192,6639,1,0,0:0:0:0:
192,192,6639,1,0,0:0:0:0:
448,192,6765,1,0,0:0:0:0:
320,192,6891,1,0,0:0:0:0:
64,192,6891,1,0,0:0:0:0:
192,192,7017,1,0,0:0:0:0:
320,192,7143,1,0,0:0:0:0:
64,192,7143,1,0,0:0:0:0:
448,192,7269,1,0,0:0:0:0:
192,192,7395,1,0,0:0:0:0:
64,192,7395,1,0,0:0:0:0:
448,192,7521,1,0,0:0:0:0:
192,192,7647,1,0,0:0:0:0:
64,192,7647,1,0,0:0:0:0:
320,192,7773,1,0,0:0:0:0:
448,192,7899,1,0,0:0:0:0:
64,192,8021,1,0,0:0:0:0:
192,192,8149,1,0,0:0:0:0:
320,192,8277,1,0,0:0:0:0:
448,192,8405,1,0,0:0:0:0:
192,192,8677,1,0,0:0:0:0:
320,192,8797,1,0,0:0:0:0:
448,192,8918,1,0,0:0:0:0:
64,192,8918,1,0,0:0:0:0:
192,192,9039,1,0,0:0:0:0:
448,192,9160,1,0,0:0:0:0:
64,192,9281,1,0,0:0:0:0:
320,192,9402,1,0,0:0:0:0:
448,192,9402,1,0,0:0:0:0:
192,192,9523,1,0,0:0:0:0:
448,192,9644,1,0,0:0:0:0:
64,192,9644,1,0,0:0:0:0:
192,192,9765,1,0,0:0:0:0:
448,192,9886,1,0,0:0:0:0:
64,192,9886,1,0,0:0:0:0:
192,192,10013,1,0,0:0:0:0:
448,192,10141,1,0,0:0:0:0:
320,192,10268,1,0,0:0:0:0:
192,192,10396,1,0,0:0:0:0:
64,192,10396,1,0,0:0:0:0:
448,192,10524,1,0,0:0:0:0:
192,192,10651,1,0,0:0:0:0:
64,192,10651,1,0,0:0:0:0:
320,192,10769,1,0,0:0:0:0:
448,192,10887,1,0,0:0:0:0:
192,192,10887,1,0,0:0:0:0:
320,192,11016,1,0,0:0:0:0:
448,192,11145,1,0,0:0:0:0:
192,192,11145,1,0,0:0:0:0:
64,192,11274,1,0,0:0:0:0:
320,192,11404,1,0,0:0:0:0:
448,192,11404,1,0,0:0:0:0:
192,192,11533,1,0,0:0:0:0:
320,192,11662,1,0,0:0:0:0:
448,192,11662,1,0,0:0:0:0:
64,192,11782,1,0,0:0:0:0:
448,192,11902,1,0,0:0:0:0:
192,192,11902,1,0,0:0:0:0:
320,192,12034,1,0,0:0:0:0:
64,192,12166,1,0,0:0:0:0:
448,192,12166,1,0,0:0:0:0:
320,192,12293,1,0,0:0:0:0:
64,192,12421,1,0,0:0:0:0:
192,192,12421,1,0,0:0:0:0:
320,192,12548,1,0,0:0:0:0:
448,192,12676,1,0,0:0:0:0:
64,192,12676,1,0,0:0:0:0:
320,192,12804,1,0,0:0:0:0:
192,192,12945,1,0,0:0:0:0:
448,192,12945,1,0,0:0:0:0:
320,192,13071,1,0,0:0:0:0:
64,192,13198,1,0,0:0:0:0:
320,192,13324,1,0,0:0:0:0:
448,192,13451,1,0,0:0:0:0:
192,192,13451,1,0,0:0:0:0:
64,192,13577,1,0,0:0:0:0:
448,192,13704,1,0,0:0:0:0:
320,192,13704,1,0,0:0:0:0:
192,192,13816,1,0,0:0:0:0:
448,192,13928,1,0,0:0:0:0:
64,192,13928,1,0,0:0:0:0:
320,192,14060,1,0,0:0:0:0:
192,192,14192,1,0,0:0:0:0:
64,192,14192,1,0,0:0:0:0:
448,192,14192,1,0,0:0:0:0:
320,192,14324,1,0,0:0:0:0:
64,192,14456,1,0,0:0:0:0:
448,192,14588,1,0,0:0:0:0:
320,192,14720,1,0,0:0:0:0:
192,192,14720,1,0,0:0:0:0:
64,192,14853,1,0,0:0:0:0:
320,192,14985,1,0,0:0:0:0:
192,192,15103,1,0,0:0:0:0:
448,192,15221,1,0,0:0:0:0:
320,192,15221,1,0,0:0:0:0:
64,192,15339,1,0,0:0:0:0:
448,192,15457,1,0,0:0:0:0:
192,192,15457,1,0,0:0:0:0:
320,192,15575,1,0,0:0:0:0:
192,192,15693,1,0,0:0:0:0:
448,192,15693,1,0,0:0:0:0:
64,192,15811,1,0,0:0:0:0:
320,192,15929,1,0,0:0:0:0:
448,192,15929,1,0,0:0:0:0:
192,192,15929,1,0,0:0:0:0:
320,192,16165,1,0,0:0:0:0:
192,192,16231,1,0,0:0:0:0:
64,192,16298,1,0,0:0:0:0:
448,192,16365,1,0,0:0:0:0:
320,192,16424,1,0,0:0:0:0:
192,192,16424,1,0,0:0:0:0:
192,192,16698,1,0,0:0:0:0:
320,192,16698,1,0,0:0:0:0:
320,192,16983,1,0,0:0:0:0:
448,192,16983,1,0,0:0:0:0:
64,192,16983,1,0,0:0:0:0:
64,192,18049,1,0,0:0:0:0:
192,192,18049,1,0,0:0:0:0:
448,192,18049,1,0,0:0:0:0:
448,192,19214,1,0,0:0:0:0:
64,192,19214,1,0,0:0:0:0:
320,192,19342,1,0,0:0:0:0:
448,192,19470,1,0,0:0:0:0:
192,192,19598,1,0,0:0:0:0:
320,192,19726,1,0,0:0:0:0:
64,192,19855,1,0,0:0:0:0:
448,192,19983,1,0,0:0:0:0:
192,192,20111,1,0,0:0:0:0:
320,192,20219,1,0,0:0:0:0:
64,192,20347,1,0,0:0:0:0:
192,192,20475,1,0,0:0:0:0:
448,192,20475,1,0,0:0:0:0:
320,192,20603,1,0,0:0:0:0:
448,192,20731,1,0,0:0:0:0:
64,192,20731,1,0,0:0:0:0:
192,192,20860,1,0,0:0:0:0:
448,192,20988,1,0,0:0:0:0:
320,192,20988,1,0,0:0:0:0:
64,192,21116,1,0,0:0:0:0:
192,192,21244,1,0,0:0:0:0:
448,192,21244,1,0,0:0:0:0:
320,192,21878,1,0,0:0:0:0:
192,192,22425,1,0,0:0:0:0:
64,192,22425,1,0,0:0:0:0:
320,192,22425,1,0,0:0:0:0:
448,192,23590,1,0,0:0:0:0:
192,192,23590,1,0,0:0:0:0:
64,192,23718,1,0,0:0:0:0:
320,192,23847,1,0,0:0:0:0:
192,192,23976,1,0,0:0:0:0:
448,192,24105,1,0,0:0:0:0:
320,192,24233,1,0,0:0:0:0:
64,192,24362,1,0,0:0:0:0:
448,192,24478,1,0,0:0:0:0:
320,192,24594,1,0,0:0:0:0:
192,192,24724,1,0,0:0:0:0:
448,192,24854,1,0,0:0:0:0:
64,192,24854,1,0,0:0:0:0:
320,192,24985,1,0,0:0:0:0:
192,192,25115,1,0,0:0:0:0:
448,192,25115,1,0,0:0:0:0:
64,192,25246,1,0,0:0:0:0:
320,192,25376,1,0,0:0:0:0:
448,192,25376,1,0,0:0:0:0:
192,192,25507,1,0,0:0:0:0:
64,192,25637,1,0,0:0:0:0:
448,192,25765,1,0,0:0:0:0:
192,192,25893,1,0,0:0:0:0:
320,192,25893,1,0,0:0:0:0:
64,192,26021,1,0,0:0:0:0:
448,192,26149,1,0,0:0:0:0:
192,192,26149,1,0,0:0:0:0:
320,192,26288,1,0,0:0:0:0:
64,192,26426,1,0,0:0:0:0:
192,192,26426,1,0,0:0:0:0:
448,192,26559,1,0,0:0:0:0:
320,192,26693,1,0,0:0:0:0:
192,192,26693,1,0,0:0:0:0:
64,192,26815,1,0,0:0:0:0:
448,192,26938,1,0,0:0:0:0:
192,192,27061,1,0,0:0:0:0:
448,192,27184,1,0,0:0:0:0:
64,192,27184,1,0,0:0:0:0:
320,192,27307,1,0,0:0:0:0:
448,192,27430,1,0,0:0:0:0:
192,192,27553,1,0,0:0:0:0:
320,192,27676,1,0,0:0:0:0:
448,192,27676,1,0,0:0:0:0:
192,192,27799,1,0,0:0:0:0:
64,192,27922,1,0,0:0:0:0:
320,192,28045,1,0,0:0:0:0:
448,192,28168,1,0,0:0:0:0:
192,192,28168,1,0,0:0:0:0:
320,192,28291,1,0,0:0:0:0:
64,192,28414,1,0,0:0:0:0:
192,192,28537,1,0,0:0:0:0:
320,192,28660,1,0,0:0:0:0:
448,192,28660,1,0,0:0:0:0:
192,192,28792,1,0,0:0:0:0:
64,192,28925,1,0,0:0:0:0:
320,192,29058,1,0,0:0:0:0:
192,192,29190,1,0,0:0:0:0:
448,192,29190,1,0,0:0:0:0:
320,192,29323,1,0,0:0:0:0:
192,192,29456,1,0,0:0:0:0:
448,192,29456,1,0,0:0:0:0:
320,192,29589,1,0,0:0:0:0:
448,192,29721,1,0,0:0:0:0:
64,192,29721,1,0,0:0:0:0:
192,192,29847,1,0,0:0:0:0:
448,192,29974,1,0,0:0:0:0:
320,192,30100,1,0,0:0:0:0:
192,192,30227,1,0,0:0:0:0:
64,192,30227,1,0,0:0:0:0:
320,192,30353,1,0,0:0:0:0:
64,192,30480,1,0,0:0:0:0:
192,192,30607,1,0,0:0:0:0:
448,192,30733,1,0,0:0:0:0:
64,192,30733,1,0,0:0:0:0:
320,192,30852,1,0,0:0:0:0:
192,192,30972,1,0,0:0:0:0:
64,192,31091,1,0,0:0:0:0:
448,192,31211,1,0,0:0:0:0:
192,192,31211,1,0,0:0:0:0:
320,192,31330,1,0,0:0:0:0:
192,192,31450,1,0,0:0:0:0:
448,192,31569,1,0,0:0:0:0:
192,192,31689,1,0,0:0:0:0:
64,192,31689,1,0,0:0:0:0:
320,192,31837,1,0,0:0:0:0:
448,192,31986,1,0,0:0:0:0:
64,192,31986,1,0,0:0:0:0:
320,192,32114,1,0,0:0:0:0:
192,192,32242,1,0,0:0:0:0:
320,192,32370,1,0,0:0:0:0:
448,192,32498,1,0,0:0:0:0:
64,192,32498,1,0,0:0:0:0:
320,192,32627,1,0,0:0:0:0:
64,192,32755,1,0,0:0:0:0:
320,192,32899,1,0,0:0:0:0:
448,192,33043,1,0,0:0:0:0:
192,192,33043,1,0,0:0:0:0:
320,192,33176,1,0,0:0:0:0:
64,192,33309,1,0,0:0:0:0:
192,192,33443,1,0,0:0:0:0:
448,192,33576,1,0,0:0:0:0:
320,192,33576,1,0,0:0:0:0:
192,192,33709,1,0,0:0:0:0:
448,192,33843,1,0,0:0:0:0:
64,192,33843,1,0,0:0:0:0:
192,192,34106,1,0,0:0:0:0:
448,192,34106,1,0,0:0:0:0:
320,192,34106,1,0,0:0:0:0:
448,192,34369,1,0,0:0:0:0:
64,192,34369,1,0,0:0:0:0:
192,192,34457,1,0,0:0:0:0:
320,192,34544,1,0,0:0:0:0:
448,192,34632,1,0,0:0:0:0:
320,192,34720,1,0,0:0:0:0:
192,192,34807,1,0,0:0:0:0:
320,192,34882,1,0,0:0:0:0:
320,192,35133,1,0,0:0:0:0:
448,192,35133,1,0,0:0:0:0:
192,192,35133,1,0,0:0:0:0:
448,192,35384,1,0,0:0:0:0:
64,192,35384,1,0,0:0:0:0:
192,192,35467,1,0,0:0:0:0:
320,192,35551,1,0,0:0:0:0:
448,192,35635,1,0,0:0:0:0:
320,192,35718,1,0,0:0:0:0:
192,192,35802,1,0,0:0:0:0:
448,192,35886,1,0,0:0:0:0:
64,192,35967,1,0,0:0:0:0:
192,192,36048,1,0,0:0:0:0:
448,192,36129,1,0,0:0:0:0:
192,192,36211,1,0,0:0:0:0:
64,192,36292,1,0,0:0:0:0:
320,192,36373,1,0,0:0:0:0:
64,192,36455,1,0,0:0:0:0:
192,192,36536,1,0,0:0:0:0:
448,192,36617,1,0,0:0:0:0:
320,192,36699,1,0,0:0:0:0:
192,192,36780,1,0,0:0:0:0:
448,192,36861,1,0,0:0:0:0:
320,192,36941,1,0,0:0:0:0:
192,192,37022,1,0,0:0:0:0:
64,192,37102,1,0,0:0:0:0:
448,192,37183,1,0,0:0:0:0:
320,192,37264,1,0,0:0:0:0:
192,192,37344,1,0,0:0:0:0:
448,192,37401,1,0,0:0:0:0:
64,192,37458,1,0,0:0:0:0:
320,192,37515,1,0,0:0:0:0:
192,192,37572,1,0,0:0:0:0:
448,192,37648,1,0,0:0:0:0:
64,192,37724,1,0,0:0:0:0:
192,192,37800,1,0,0:0:0:0:
448,192,37800,1,0,0:0:0:0:
320,192,37879,1,0,0:0:0:0:
64,192,37979,1,0,0:0:0:0:
192,192,38039,1,0,0:0:0:0:
448,192,38118,1,0,0:0:0:0:
320,192,38198,1,0,0:0:0:0:
192,192,38278,1,0,0:0:0:0:
448,192,38366,1,0,0:0:0:0:
64,192,38477,1,0,0:0:0:0:
192,192,38543,1,0,0:0:0:0:
320,192,38623,1,0,0:0:0:0:
448,192,38704,1,0,0:0:0:0:
64,192,38785,1,0,0:0:0:0:
192,192,38866,1,0,0:0:0:0:
320,192,38947,1,0,0:0:0:0:
448,192,39028,1,0,0:0:0:0:
320,192,39109,1,0,0:0:0:0:
192,192,39190,1,0,0:0:0:0:
448,192,39271,1,0,0:0:0:0:
64,192,39352,1,0,0:0:0:0:
192,192,39453,1,0,0:0:0:0:
320,192,39514,1,0,0:0:0:0:
192,192,39595,1,0,0:0:0:0:
64,192,39676,1,0,0:0:0:0:
448,192,39757,1,0,0:0:0:0:
192,192,39839,1,0,0:0:0:0:
320,192,39922,1,0,0:0:0:0:
64,192,40005,1,0,0:0:0:0:
320,192,40088,1,0,0:0:0:0:
192,192,40171,1,0,0:0:0:0:
448,192,40254,1,0,0:0:0:0:
64,192,40337,1,0,0:0:0:0:
192,192,40420,1,0,0:0:0:0:
320,192,40503,1,0,0:0:0:0:
192,192,40566,1,0,0:0:0:0:
448,192,40628,1,0,0:0:0:0:
320,192,40669,1,0,0:0:0:0:
64,192,40711,1,0,0:0:0:0:
192,192,40752,1,0,0:0:0:0:
448,192,40832,1,0,0:0:0:0:
64,192,40912,1,0,0:0:0:0:
448,192,40992,1,0,0:0:0:0:
320,192,41044,1,0,0:0:0:0:
192,192,41097,1,0,0:0:0:0:
448,192,41188,1,0,0:0:0:0:
192,192,41258,1,0,0:0:0:0:
320,192,41328,1,0,0:0:0:0:
448,192,41413,1,0,0:0:0:0:
64,192,41498,1,0,0:0:0:0:
320,192,41584,1,0,0:0:0:0:
64,192,41670,1,0,0:0:0:0:
192,192,41746,1,0,0:0:0:0:
320,192,41822,1,0,0:0:0:0:
448,192,41899,1,0,0:0:0:0:
64,192,41956,1,0,0:0:0:0:
192,192,42013,1,0,0:0:0:0:
320,192,42128,1,0,0:0:0:0:
64,192,42212,1,0,0:0:0:0:
448,192,42296,1,0,0:0:0:0:
192,192,42381,1,0,0:0:0:0:
448,192,42507,1,0,0:0:0:0:
320,192,42634,1,0,0:0:0:0:
64,192,42634,1,0,0:0:0:0:
192,192,42760,1,0,0:0:0:0:
448,192,42928,1,0,0:0:0:0:
192,192,43045,1,0,0:0:0:0:
320,192,43159,1,0,0:0:0:0:
448,192,43159,1,0,0:0:0:0:
192,192,43300,1,0,0:0:0:0:
64,192,43428,1,0,0:0:0:0:
320,192,43547,1,0,0:0:0:0:
448,192,43692,1,0,0:0:0:0:
192,192,43692,1,0,0:0:0:0:
192,192,44574,1,0,0:0:0:0:
448,192,44868,1,0,0:0:0:0:
320,192,44868,1,0,0:0:0:0:
64,192,45162,1,0,0:0:0:0:
192,192,45162,1,0,0:0:0:0:
448,192,45456,1,0,0:0:0:0:
320,192,45456,1,0,0:0:0:0:
192,192,45751,1,0,0:0:0:0:
64,192,45751,1,0,0:0:0:0:
448,192,46060,1,0,0:0:0:0:
192,192,46060,1,0,0:0:0:0:
448,192,46946,1,0,0:0:0:0:
192,192,46946,1,0,0:0:0:0:
320,192,47242,1,0,0:0:0:0:
192,192,47242,1,0,0:0:0:0:
320,192,47841,1,0,0:0:0:0:
64,192,47841,1,0,0:0:0:0:
448,192,48475,1,0,0:0:0:0:
64,192,48475,1,0,0:0:0:0:
320,192,49398,1,0,0:0:0:0:
448,192,49705,1,0,0:0:0:0:
192,192,49705,1,0,0:0:0:0:
320,192,49996,1,0,0:0:0:0:
64,192,49996,1,0,0:0:0:0:
448,192,50287,1,0,0:0:0:0:
192,192,50287,1,0,0:0:0:0:
320,192,50543,1,0,0:0:0:0:
64,192,50543,1,0,0:0:0:0:
448,192,50860,1,0,0:0:0:0:
64,192,50860,1,0,0:0:0:0:
192,192,51445,1,0,0:0:0:0:
448,192,51738,1,0,0:0:0:0:
320,192,52069,1,0,0:0:0:0:
192,192,52069,1,0,0:0:0:0:
448,192,52684,1,0,0:0:0:0:
192,192,52684,1,0,0:0:0:0:
64,192,53264,1,0,0:0:0:0:
448,192,53346,1,0,0:0:0:0:
320,192,53429,1,0,0:0:0:0:
192,192,53511,1,0,0:0:0:0:
320,192,53594,1,0,0:0:0:0:
448,192,53677,1,0,0:0:0:0:
192,192,53759,1,0,0:0:0:0:
320,192,53842,1,0,0:0:0:0:
448,192,53925,1,0,0:0:0:0:
64,192,54007,1,0,0:0:0:0:
448,192,54090,1,0,0:0:0:0:
320,192,54173,1,0,0:0:0:0:
192,192,54255,1,0,0:0:0:0:
448,192,54338,1,0,0:0:0:0:
320,192,54421,1,0,0:0:0:0:
192,192,54529,1,0,0:0:0:0:
320,192,54601,1,0,0:0:0:0:
448,192,54674,1,0,0:0:0:0:
192,192,54758,1,0,0:0:0:0:
320,192,54844,1,0,0:0:0:0:
448,192,54953,1,0,0:0:0:0:
64,192,55018,1,0,0:0:0:0:
448,192,55105,1,0,0:0:0:0:
320,192,55192,1,0,0:0:0:0:
64,192,55279,1,0,0:0:0:0:
448,192,55279,1,0,0:0:0:0:
192,192,55360,1,0,0:0:0:0:
320,192,55442,1,0,0:0:0:0:
448,192,55524,1,0,0:0:0:0:
64,192,55606,1,0,0:0:0:0:
320,192,55688,1,0,0:0:0:0:
192,192,55770,1,0,0:0:0:0:
448,192,55852,1,0,0:0:0:0:
64,192,55934,1,0,0:0:0:0:
320,192,56016,1,0,0:0:0:0:
192,192,56098,1,0,0:0:0:0:
320,192,56180,1,0,0:0:0:0:
448,192,56262,1,0,0:0:0:0:
64,192,56344,1,0,0:0:0:0:
192,192,56447,1,0,0:0:0:0:
320,192,56508,1,0,0:0:0:0:
192,192,56590,1,0,0:0:0:0:
64,192,56672,1,0,0:0:0:0:
448,192,56754,1,0,0:0:0:0:
192,192,56836,1,0,0:0:0:0:
320,192,56918,1,0,0:0:0:0:
448,192,57000,1,0,0:0:0:0:
320,192,57082,1,0,0:0:0:0:
192,192,57164,1,0,0:0:0:0:
448,192,57246,1,0,0:0:0:0:
64,192,57331,1,0,0:0:0:0:
192,192,57416,1,0,0:0:0:0:
320,192,57502,1,0,0:0:0:0:
192,192,57587,1,0,0:0:0:0:
64,192,57673,1,0,0:0:0:0:
448,192,57758,1,0,0:0:0:0:
192,192,57844,1,0,0:0:0:0:
320,192,57929,1,0,0:0:0:0:
448,192,58015,1,0,0:0:0:0:
320,192,58100,1,0,0:0:0:0:
192,192,58186,1,0,0:0:0:0:
448,192,58271,1,0,0:0:0:0:
64,192,58354,1,0,0:0:0:0:
192,192,58438,1,0,0:0:0:0:
320,192,58522,1,0,0:0:0:0:
192,192,58605,1,0,0:0:0:0:
64,192,58689,1,0,0:0:0:0:
320,192,58773,1,0,0:0:0:0:
448,192,58856,1,0,0:0:0:0:
192,192,58940,1,0,0:0:0:0:
64,192,59024,1,0,0:0:0:0:
448,192,59107,1,0,0:0:0:0:
192,192,59191,1,0,0:0:0:0:
320,192,59262,1,0,0:0:0:0:
64,192,59345,1,0,0:0:0:0:
192,192,59429,1,0,0:0:0:0:
448,192,59513,1,0,0:0:0:0:
64,192,59581,1,0,0:0:0:0:
320,192,59649,1,0,0:0:0:0:
192,192,59718,1,0,0:0:0:0:
448,192,59786,1,0,0:0:0:0:
320,192,59855,1,0,0:0:0:0:
64,192,59923,1,0,0:0:0:0:
448,192,60002,1,0,0:0:0:0:
192,192,60081,1,0,0:0:0:0:
320,192,60179,1,0,0:0:0:0:
448,192,60179,1,0,0:0:0:0:
192,192,60309,1,0,0:0:0:0:
64,192,60309,1,0,0:0:0:0:
192,192,61092,1,0,0:0:0:0:
320,192,61157,1,0,0:0:0:0:
448,192,61222,1,0,0:0:0:0:
192,192,61298,1,0,0:0:0:0:
64,192,61375,1,0,0:0:0:0:
448,192,61451,1,0,0:0:0:0:
192,192,61513,1,0,0:0:0:0:
320,192,61576,1,0,0:0:0:0:
64,192,61639,1,0,0:0:0:0:
448,192,61702,1,0,0:0:0:0:
320,192,61768,1,0,0:0:0:0:
192,192,61835,1,0,0:0:0:0:
64,192,61902,1,0,0:0:0:0:
320,192,61968,1,0,0:0:0:0:
192,192,62035,1,0,0:0:0:0:
64,192,62102,1,0,0:0:0:0:
448,192,62168,1,0,0:0:0:0:
192,192,62252,1,0,0:0:0:0:
320,192,62252,1,0,0:0:0:0:
64,192,64082,1,0,0:0:0:0:
192,192,64208,1,0,0:0:0:0:
320,192,64319,1,0,0:0:0:0:
448,192,64455,1,0,0:0:0:0:
64,192,64455,1,0,0:0:0:0:
320,192,64587,1,0,0:0:0:0:
192,192,64720,1,0,0:0:0:0:
448,192,64853,1,0,0:0:0:0:
64,192,64853,1,0,0:0:0:0:
192,192,64985,1,0,0:0:0:0:
320,192,64985,1,0,0:0:0:0:
448,192,65118,1,0,0:0:0:0:
64,192,65251,1,0,0:0:0:0:
448,192,65384,1,0,0:0:0:0:
320,192,65384,1,0,0:0:0:0:
192,192,65516,1,0,0:0:0:0:
64,192,65516,1,0,0:0:0:0:
448,192,65640,1,0,0:0:0:0:
320,192,65764,1,0,0:0:0:0:
64,192,65889,1,0,0:0:0:0:
448,192,65972,1,0,0:0:0:0:
320,192,66013,1,0,0:0:0:0:
192,192,66138,1,0,0:0:0:0:
448,192,66262,1,0,0:0:0:0:
64,192,66262,1,0,0:0:0:0:
320,192,66380,1,0,0:0:0:0:
64,192,66458,1,0,0:0:0:0:
192,192,66511,1,0,0:0:0:0:
448,192,66620,1,0,0:0:0:0:
320,192,66729,1,0,0:0:0:0:
192,192,66729,1,0,0:0:0:0:
64,192,66838,1,0,0:0:0:0:
448,192,66969,1,0,0:0:0:0:
320,192,66969,1,0,0:0:0:0:
64,192,67104,1,0,0:0:0:0:
192,192,67239,1,0,0:0:0:0:
448,192,67239,1,0,0:0:0:0:
64,192,67374,1,0,0:0:0:0:
448,192,67509,1,0,0:0:0:0:
64,192,67632,1,0,0:0:0:0:
192,192,67756,1,0,0:0:0:0:
320,192,67880,1,0,0:0:0:0:
64,192,68004,1,0,0:0:0:0:
192,192,68128,1,0,0:0:0:0:
448,192,68252,1,0,0:0:0:0:
320,192,68252,1,0,0:0:0:0:
64,192,68376,1,0,0:0:0:0:
320,192,68500,1,0,0:0:0:0:
192,192,68562,1,0,0:0:0:0:
64,192,68624,1,0,0:0:0:0:
448,192,68748,1,0,0:0:0:0:
192,192,68872,1,0,0:0:0:0:
320,192,68996,1,0,0:0:0:0:
64,192,68996,1,0,0:0:0:0:
448,192,69120,1,0,0:0:0:0:
192,192,69226,1,0,0:0:0:0:
64,192,69226,1,0,0:0:0:0:
320,192,69335,1,0,0:0:0:0:
192,192,69462,1,0,0:0:0:0:
320,192,69525,1,0,0:0:0:0:
448,192,69588,1,0,0:0:0:0:
64,192,69714,1,0,0:0:0:0:
320,192,69840,1,0,0:0:0:0:
448,192,69966,1,0,0:0:0:0:
64,192,69966,1,0,0:0:0:0:
192,192,70092,1,0,0:0:0:0:
448,192,70218,1,0,0:0:0:0:
320,192,70218,1,0,0:0:0:0:
192,192,70332,1,0,0:0:0:0:
448,192,70445,1,0,0:0:0:0:
64,192,70445,1,0,0:0:0:0:
320,192,70567,1,0,0:0:0:0:
448,192,70690,1,0,0:0:0:0:
64,192,70690,1,0,0:0:0:0:
192,192,70813,1,0,0:0:0:0:
320,192,70936,1,0,0:0:0:0:
448,192,70936,1,0,0:0:0:0:
64,192,71050,1,0,0:0:0:0:
320,192,71164,1,0,0:0:0:0:
448,192,71164,1,0,0:0:0:0:
192,192,71281,1,0,0:0:0:0:
64,192,71398,1,0,0:0:0:0:
448,192,71515,1,0,0:0:0:0:
320,192,71632,1,0,0:0:0:0:
192,192,71749,1,0,0:0:0:0:
64,192,71867,1,0,0:0:0:0:
192,192,72101,1,0,0:0:0:0:
320,192,72218,1,0,0:0:0:0:
448,192,72335,1,0,0:0:0:0:
64,192,72335,1,0,0:0:0:0:
192,192,72460,1,0,0:0:0:0:
320,192,72585,1,0,0:0:0:0:
64,192,72710,1,0,0:0:0:0:
448,192,72835,1,0,0:0:0:0:
320,192,72835,1,0,0:0:0:0:
192,192,72960,1,0,0:0:0:0:
448,192,73085,1,0,0:0:0:0:
64,192,73085,1,0,0:0:0:0:
320,192,73210,1,0,0:0:0:0:
192,192,73335,1,0,0:0:0:0:
64,192,73335,1,0,0:0:0:0:
448,192,73457,1,0,0:0:0:0:
192,192,73579,1,0,0:0:0:0:
320,192,73702,1,0,0:0:0:0:
448,192,73824,1,0,0:0:0:0:
64,192,73824,1,0,0:0:0:0:
192,192,73947,1,0,0:0:0:0:
448,192,74069,1,0,0:0:0:0:
320,192,74178,1,0,0:0:0:0:
192,192,74287,1,0,0:0:0:0:
64,192,74287,1,0,0:0:0:0:
320,192,74419,1,0,0:0:0:0:
448,192,74552,1,0,0:0:0:0:
64,192,74552,1,0,0:0:0:0:
192,192,74685,1,0,0:0:0:0:
448,192,74817,1,0,0:0:0:0:
320,192,74817,1,0,0:0:0:0:
192,192,74950,1,0,0:0:0:0:
64,192,75069,1,0,0:0:0:0:
448,192,75069,1,0,0:0:0:0:
320,192,75183,1,0,0:0:0:0:
192,192,75294,1,0,0:0:0:0:
64,192,75434,1,0,0:0:0:0:
448,192,75575,1,0,0:0:0:0:
320,192,75575,1,0,0:0:0:0:
64,192,75704,1,0,0:0:0:0:
448,192,75833,1,0,0:0:0:0:
192,192,75833,1,0,0:0:0:0:
320,192,75962,1,0,0:0:0:0:
192,192,76092,1,0,0:0:0:0:
64,192,76092,1,0,0:0:0:0:
320,192,76221,1,0,0:0:0:0:
448,192,76350,1,0,0:0:0:0:
64,192,76350,1,0,0:0:0:0:
320,192,76468,1,0,0:0:0:0:
192,192,76587,1,0,0:0:0:0:
64,192,76587,1,0,0:0:0:0:
448,192,76705,1,0,0:0:0:0:
320,192,76824,1,0,0:0:0:0:
192,192,76824,1,0,0:0:0:0:
64,192,76942,1,0,0:0:0:0:
448,192,77061,1,0,0:0:0:0:
192,192,77061,1,0,0:0:0:0:
320,192,77180,1,0,0:0:0:0:
448,192,77298,1,0,0:0:0:0:
64,192,77298,1,0,0:0:0:0:
192,192,77435,1,0,0:0:0:0:
64,192,77573,1,0,0:0:0:0:
448,192,77573,1,0,0:0:0:0:
320,192,77573,1,0,0:0:0:0:
192,192,77701,1,0,0:0:0:0:
64,192,77830,1,0,0:0:0:0:
448,192,77959,1,0,0:0:0:0:
320,192,78088,1,0,0:0:0:0:
192,192,78088,1,0,0:0:0:0:
64,192,78216,1,0,0:0:0:0:
320,192,78345,1,0,0:0:0:0:
192,192,78463,1,0,0:0:0:0:
448,192,78582,1,0,0:0:0:0:
320,192,78582,1,0,0:0:0:0:
64,192,78700,1,0,0:0:0:0:
192,192,78819,1,0,0:0:0:0:
448,192,78819,1,0,0:0:0:0:
320,192,78937,1,0,0:0:0:0:
192,192,79056,1,0,0:0:0:0:
448,192,79056,1,0,0:0:0:0:
64,192,79175,1,0,0:0:0:0:
192,192,79293,1,0,0:0:0:0:
320,192,79293,1,0,0:0:0:0:
448,192,79293,1,0,0:0:0:0:
320,192,79553,1,0,0:0:0:0:
192,192,79612,1,0,0:0:0:0:
64,192,79671,1,0,0:0:0:0:
448,192,79730,1,0,0:0:0:0:
192,192,79790,1,0,0:0:0:0:
320,192,79790,1,0,0:0:0:0:
320,192,80073,1,0,0:0:0:0:
192,192,80073,1,0,0:0:0:0:
448,192,80073,1,0,0:0:0:0:
320,192,80356,1,0,0:0:0:0:
448,192,80356,1,0,0:0:0:0:
64,192,80356,1,0,0:0:0:0:
192,192,81145,1,0,0:0:0:0:
320,192,81272,1,0,0:0:0:0:
448,192,81399,1,0,0:0:0:0:
192,192,81526,1,0,0:0:0:0:
64,192,81526,1,0,0:0:0:0:
448,192,82159,1,0,0:0:0:0:
192,192,82159,1,0,0:0:0:0:
320,192,82768,1,0,0:0:0:0:
448,192,82768,1,0,0:0:0:0:
320,192,83380,1,0,0:0:0:0:
64,192,83380,1,0,0:0:0:0:
64,192,83977,1,0,0:0:0:0:
192,192,83977,1,0,0:0:0:0:
448,192,84275,1,0,0:0:0:0:
320,192,84560,1,0,0:0:0:0:
192,192,84835,1,0,0:0:0:0:
64,192,84835,1,0,0:0:0:0:
448,192,85110,1,0,0:0:0:0:
192,192,85110,1,0,0:0:0:0:
320,192,85385,1,0,0:0:0:0:
64,192,85385,1,0,0:0:0:0:
448,192,85661,1,0,0:0:0:0:
64,192,85661,1,0,0:0:0:0:
320,192,85936,1,0,0:0:0:0:
64,192,86211,1,0,0:0:0:0:
448,192,86528,1,0,0:0:0:0:
192,192,86805,1,0,0:0:0:0:
320,192,87083,1,0,0:0:0:0:
64,192,87361,1,0,0:0:0:0:
192,192,87680,1,0,0:0:0:0:
448,192,87957,1,0,0:0:0:0:
64,192,88235,1,0,0:0:0:0:
448,192,88513,1,0,0:0:0:0:
192,192,88768,1,0,0:0:0:0:
448,192,89023,1,0,0:0:0:0:
320,192,89023,1,0,0:0:0:0:
320,192,89307,1,0,0:0:0:0:
192,192,89307,1,0,0:0:0:0:
320,192,89591,1,0,0:0:0:0:
64,192,89591,1,0,0:0:0:0:
192,192,89876,1,0,0:0:0:0:
448,192,89876,1,0,0:0:0:0:
448,192,90160,1,0,0:0:0:0:
64,192,90160,1,0,0:0:0:0:
192,192,90444,1,0,0:0:0:0:
448,192,90729,1,0,0:0:0:0:
320,192,91064,1,0,0:0:0:0:
448,192,91064,1,0,0:0:0:0:
448,192,91337,1,0,0:0:0:0:
64,192,91337,1,0,0:0:0:0:
192,192,91611,1,0,0:0:0:0:
64,192,91611,1,0,0:0:0:0:
320,192,91885,1,0,0:0:0:0:
448,192,92159,1,0,0:0:0:0:
192,192,92159,1,0,0:0:0:0:
448,192,92444,1,0,0:0:0:0:
64,192,92444,1,0,0:0:0:0:
192,192,92730,1,0,0:0:0:0:
64,192,92730,1,0,0:0:0:0:
320,192,93016,1,0,0:0:0:0:
448,192,93301,1,0,0:0:0:0:
192,192,93301,1,0,0:0:0:0:
448,192,93587,1,0,0:0:0:0:
64,192,93587,1,0,0:0:0:0:
320,192,93873,1,0,0:0:0:0:
192,192,93873,1,0,0:0:0:0:
448,192,94159,1,0,0:0:0:0:
320,192,94159,1,0,0:0:0:0:
448,192,94437,1,0,0:0:0:0:
192,192,94437,1,0,0:0:0:0:
320,192,94702,1,0,0:0:0:0:
64,192,94702,1,0,0:0:0:0:
192,192,94983,1,0,0:0:0:0:
448,192,95265,1,0,0:0:0:0:
192,192,95547,1,0,0:0:0:0:
64,192,95547,1,0,0:0:0:0:
320,192,95862,1,0,0:0:0:0:
192,192,95862,1,0,0:0:0:0:
320,192,96134,1,0,0:0:0:0:
64,192,96407,1,0,0:0:0:0:
448,192,96680,1,0,0:0:0:0:
320,192,96680,1,0,0:0:0:0:
320,192,96952,1,0,0:0:0:0:
192,192,96952,1,0,0:0:0:0:
192,192,97246,1,0,0:0:0:0:
320,192,97540,1,0,0:0:0:0:
64,192,97540,1,0,0:0:0:0:
448,192,97834,1,0,0:0:0:0:
320,192,98091,1,0,0:0:0:0:
192,192,98092,1,0,0:0:0:0:
320,192,98364,1,0,0:0:0:0:
64,192,98364,1,0,0:0:0:0:
192,192,98637,1,0,0:0:0:0:
64,192,98637,1,0,0:0:0:0:
448,192,98910,1,0,0:0:0:0:
320,192,98910,1,0,0:0:0:0:
448,192,99182,1,0,0:0:0:0:
64,192,99182,1,0,0:0:0:0:
320,192,99455,1,0,0:0:0:0:
192,192,99455,1,0,0:0:0:0:
192,192,99728,1,0,0:0:0:0:
320,192,100001,1,0,0:0:0:0:
448,192,100311,1,0,0:0:0:0:
448,192,100622,1,0,0:0:0:0:
64,192,100622,1,0,0:0:0:0:
192,192,100882,1,0,0:0:0:0:
320,192,100882,1,0,0:0:0:0:
64,192,101157,1,0,0:0:0:0:
448,192,101432,1,0,0:0:0:0:
192,192,101707,1,0,0:0:0:0:
64,192,101707,1,0,0:0:0:0:
448,192,101982,1,0,0:0:0:0:
192,192,101982,1,0,0:0:0:0:
320,192,102258,1,0,0:0:0:0:
64,192,102533,1,0,0:0:0:0:
448,192,102808,1,0,0:0:0:0:
320,192,102808,1,0,0:0:0:0:
448,192,103083,1,0,0:0:0:0:
192,192,103083,1,0,0:0:0:0:
320,192,103345,1,0,0:0:0:0:
64,192,103607,1,0,0:0:0:0:
448,192,103738,1,0,0:0:0:0:
320,192,103869,1,0,0:0:0:0:
192,192,103869,1,0,0:0:0:0:
64,192,104000,1,0,0:0:0:0:
448,192,104121,1,0,0:0:0:0:
320,192,104121,1,0,0:0:0:0:
192,192,104243,1,0,0:0:0:0:
64,192,104366,1,0,0:0:0:0:
320,192,104489,1,0,0:0:0:0:
64,192,104612,1,0,0:0:0:0:
448,192,104612,1,0,0:0:0:0:
192,192,104735,1,0,0:0:0:0:
64,192,104858,1,0,0:0:0:0:
320,192,104981,1,0,0:0:0:0:
448,192,105104,1,0,0:0:0:0:
192,192,105104,1,0,0:0:0:0:
64,192,105239,1,0,0:0:0:0:
448,192,105375,1,0,0:0:0:0:
320,192,105511,1,0,0:0:0:0:
448,192,105646,1,0,0:0:0:0:
64,192,105646,1,0,0:0:0:0:
192,192,105765,1,0,0:0:0:0:
64,192,105884,1,0,0:0:0:0:
320,192,106003,1,0,0:0:0:0:
192,192,106105,1,0,0:0:0:0:
64,192,106105,1,0,0:0:0:0:
448,192,106230,1,0,0:0:0:0:
320,192,106355,1,0,0:0:0:0:
192,192,106480,1,0,0:0:0:0:
448,192,106605,1,0,0:0:0:0:
64,192,106605,1,0,0:0:0:0:
320,192,106730,1,0,0:0:0:0:
192,192,106855,1,0,0:0:0:0:
64,192,106855,1,0,0:0:0:0:
448,192,106980,1,0,0:0:0:0:
320,192,107105,1,0,0:0:0:0:
192,192,107105,1,0,0:0:0:0:
64,192,107230,1,0,0:0:0:0:
320,192,107355,1,0,0:0:0:0:
192,192,107355,1,0,0:0:0:0:
448,192,107480,1,0,0:0:0:0:
64,192,107605,1,0,0:0:0:0:
192,192,107605,1,0,0:0:0:0:
320,192,107730,1,0,0:0:0:0:
448,192,107855,1,0,0:0:0:0:
192,192,107980,1,0,0:0:0:0:
448,192,108105,1,0,0:0:0:0:
64,192,108105,1,0,0:0:0:0:
320,192,108230,1,0,0:0:0:0:
192,192,108355,1,0,0:0:0:0:
64,192,108480,1,0,0:0:0:0:
448,192,108605,1,0,0:0:0:0:
320,192,108605,1,0,0:0:0:0:
192,192,108730,1,0,0:0:0:0:
64,192,108855,1,0,0:0:0:0:
320,192,108980,1,0,0:0:0:0:
448,192,109105,1,0,0:0:0:0:
64,192,109105,1,0,0:0:0:0:
192,192,109232,1,0,0:0:0:0:
320,192,109359,1,0,0:0:0:0:
448,192,109486,1,0,0:0:0:0:
192,192,109613,1,0,0:0:0:0:
64,192,109613,1,0,0:0:0:0:
320,192,109740,1,0,0:0:0:0:
448,192,109867,1,0,0:0:0:0:
192,192,109994,1,0,0:0:0:0:
64,192,110121,1,0,0:0:0:0:
320,192,110121,1,0,0:0:0:0:
192,192,110243,1,0,0:0:0:0:
448,192,110366,1,0,0:0:0:0:
320,192,110489,1,0,0:0:0:0:
448,192,110612,1,0,0:0:0:0:
192,192,110612,1,0,0:0:0:0:
64,192,110612,1,0,0:0:0:0:
320,192,110735,1,0,0:0:0:0:
192,192,110858,1,0,0:0:0:0:
320,192,110981,1,0,0:0:0:0:
448,192,111104,1,0,0:0:0:0:
192,192,111222,1,0,0:0:0:0:
320,192,111341,1,0,0:0:0:0:
64,192,111459,1,0,0:0:0:0:
192,192,111578,1,0,0:0:0:0:
320,192,111578,1,0,0:0:0:0:
448,192,111578,1,0,0:0:0:0:
64,192,111702,1,0,0:0:0:0:
448,192,111826,1,0,0:0:0:0:
192,192,111951,1,0,0:0:0:0:
448,192,112075,1,0,0:0:0:0:
320,192,112142,1,0,0:0:0:0:
192,192,112210,1,0,0:0:0:0:
64,192,112277,1,0,0:0:0:0:
448,192,112345,1,0,0:0:0:0:
64,192,112599,1,0,0:0:0:0:
192,192,112659,1,0,0:0:0:0:
320,192,112719,1,0,0:0:0:0:
448,192,112779,1,0,0:0:0:0:
64,192,112839,1,0,0:0:0:0:
448,192,113096,1,0,0:0:0:0:
320,192,113151,1,0,0:0:0:0:
64,192,113207,1,0,0:0:0:0:
192,192,113262,1,0,0:0:0:0:
448,192,113318,1,0,0:0:0:0:
448,192,113573,1,0,0:0:0:0:
320,192,113637,1,0,0:0:0:0:
192,192,113700,1,0,0:0:0:0:
64,192,113764,1,0,0:0:0:0:
448,192,113828,1,0,0:0:0:0:
64,192,114039,1,0,0:0:0:0:
448,192,114109,1,0,0:0:0:0:
320,192,114180,1,0,0:0:0:0:
192,192,114251,1,0,0:0:0:0:
64,192,114322,1,0,0:0:0:0:
448,192,114508,1,0,0:0:0:0:
64,192,114578,1,0,0:0:0:0:
192,192,114648,1,0,0:0:0:0:
320,192,114719,1,0,0:0:0:0:
448,192,114789,1,0,0:0:0:0:
64,192,115006,1,0,0:0:0:0:
192,192,115059,1,0,0:0:0:0:
448,192,115111,1,0,0:0:0:0:
320,192,115164,1,0,0:0:0:0:
64,192,115268,1,0,0:0:0:0:
448,192,115464,1,0,0:0:0:0:
192,192,115525,1,0,0:0:0:0:
320,192,115585,1,0,0:0:0:0:
448,192,115646,1,0,0:0:0:0:
64,192,115721,1,0,0:0:0:0:
448,192,115946,1,0,0:0:0:0:
320,192,116014,1,0,0:0:0:0:
192,192,116083,1,0,0:0:0:0:
64,192,116152,1,0,0:0:0:0:
448,192,116219,1,0,0:0:0:0:
64,192,116419,1,0,0:0:0:0:
448,192,116527,1,0,0:0:0:0:
320,192,116589,1,0,0:0:0:0:
64,192,116651,1,0,0:0:0:0:
192,192,116727,1,0,0:0:0:0:
64,192,116917,1,0,0:0:0:0:
192,192,116980,1,0,0:0:0:0:
448,192,117044,1,0,0:0:0:0:
320,192,117098,1,0,0:0:0:0:
64,192,117179,1,0,0:0:0:0:
64,192,117388,1,0,0:0:0:0:
448,192,117458,1,0,0:0:0:0:
320,192,117523,1,0,0:0:0:0:
192,192,117589,1,0,0:0:0:0:
64,192,117654,1,0,0:0:0:0:
64,192,117863,1,0,0:0:0:0:
192,192,117942,1,0,0:0:0:0:
320,192,118021,1,0,0:0:0:0:
192,192,118101,1,0,0:0:0:0:
448,192,118180,1,0,0:0:0:0:
320,192,118259,1,0,0:0:0:0:
64,192,118339,1,0,0:0:0:0:
320,192,118418,1,0,0:0:0:0:
448,192,118497,1,0,0:0:0:0:
64,192,118577,1,0,0:0:0:0:
320,192,118656,1,0,0:0:0:0:
192,192,118736,1,0,0:0:0:0:
64,192,118815,1,0,0:0:0:0:
448,192,118892,1,0,0:0:0:0:
192,192,118970,1,0,0:0:0:0:
448,192,119047,1,0,0:0:0:0:
320,192,119125,1,0,0:0:0:0:
64,192,119202,1,0,0:0:0:0:
448,192,119280,1,0,0:0:0:0:
64,192,119357,1,0,0:0:0:0:
192,192,119435,1,0,0:0:0:0:
448,192,119512,1,0,0:0:0:0:
320,192,119590,1,0,0:0:0:0:
192,192,119667,1,0,0:0:0:0:
64,192,119745,1,0,0:0:0:0:
320,192,119822,1,0,0:0:0:0:
192,192,119900,1,0,0:0:0:0:
320,192,119977,1,0,0:0:0:0:
64,192,120055,1,0,0:0:0:0:
448,192,120132,1,0,0:0:0:0:
192,192,120210,1,0,0:0:0:0:
448,192,120287,1,0,0:0:0:0:
64,192,120365,1,0,0:0:0:0:
320,192,120442,1,0,0:0:0:0:
192,192,120530,1,0,0:0:0:0:
64,192,120618,1,0,0:0:0:0:
448,192,120705,1,0,0:0:0:0:
192,192,120780,1,0,0:0:0:0:
320,192,120855,1,0,0:0:0:0:
192,192,120931,1,0,0:0:0:0:
448,192,121006,1,0,0:0:0:0:
320,192,121082,1,0,0:0:0:0:
64,192,121157,1,0,0:0:0:0:
448,192,121233,1,0,0:0:0:0:
320,192,121308,1,0,0:0:0:0:
64,192,121384,1,0,0:0:0:0:
448,192,121466,1,0,0:0:0:0:
320,192,121549,1,0,0:0:0:0:
64,192,121632,1,0,0:0:0:0:
448,192,121632,1,0,0:0:0:0:
192,192,122379,1,0,0:0:0:0:
320,192,122462,1,0,0:0:0:0:
448,192,122545,1,0,0:0:0:0:
320,192,122606,1,0,0:0:0:0:
64,192,122682,1,0,0:0:0:0:
448,192,122758,1,0,0:0:0:0:
320,192,122823,1,0,0:0:0:0:
192,192,122888,1,0,0:0:0:0:
64,192,122953,1,0,0:0:0:0:
448,192,123029,1,0,0:0:0:0:
320,192,123097,1,0,0:0:0:0:
192,192,123166,1,0,0:0:0:0:
448,192,123235,1,0,0:0:0:0:
64,192,123304,1,0,0:0:0:0:
192,192,123373,1,0,0:0:0:0:
320,192,123442,1,0,0:0:0:0:
448,192,123511,1,0,0:0:0:0:
192,192,123582,1,0,0:0:0:0:
64,192,123582,1,0,0:0:0:0:
320,192,123582,1,0,0:0:0:0:
192,192,125319,1,0,0:0:0:0:
320,192,125435,1,0,0:0:0:0:
448,192,125551,1,0,0:0:0:0:
192,192,125666,1,0,0:0:0:0:
64,192,125666,1,0,0:0:0:0:
320,192,125792,1,0,0:0:0:0:
448,192,125918,1,0,0:0:0:0:
320,192,126044,1,0,0:0:0:0:
192,192,126044,1,0,0:0:0:0:
64,192,126170,1,0,0:0:0:0:
448,192,126170,1,0,0:0:0:0:
192,192,126296,1,0,0:0:0:0:
320,192,126422,1,0,0:0:0:0:
448,192,126548,1,0,0:0:0:0:
192,192,126548,1,0,0:0:0:0:
320,192,126674,1,0,0:0:0:0:
64,192,126674,1,0,0:0:0:0:
192,192,126823,1,0,0:0:0:0:
448,192,126972,1,0,0:0:0:0:
320,192,127081,1,0,0:0:0:0:
64,192,127135,1,0,0:0:0:0:
448,192,127190,1,0,0:0:0:0:
192,192,127299,1,0,0:0:0:0:
320,192,127408,1,0,0:0:0:0:
448,192,127408,1,0,0:0:0:0:
192,192,127517,1,0,0:0:0:0:
448,192,127590,1,0,0:0:0:0:
64,192,127626,1,0,0:0:0:0:
192,192,127748,1,0,0:0:0:0:
448,192,127871,1,0,0:0:0:0:
64,192,127871,1,0,0:0:0:0:
320,192,127994,1,0,0:0:0:0:
192,192,128117,1,0,0:0:0:0:
64,192,128117,1,0,0:0:0:0:
448,192,128240,1,0,0:0:0:0:
320,192,128363,1,0,0:0:0:0:
64,192,128363,1,0,0:0:0:0:
448,192,128501,1,0,0:0:0:0:
64,192,128640,1,0,0:0:0:0:
192,192,128779,1,0,0:0:0:0:
320,192,128918,1,0,0:0:0:0:
448,192,129032,1,0,0:0:0:0:
64,192,129146,1,0,0:0:0:0:
192,192,129260,1,0,0:0:0:0:
448,192,129374,1,0,0:0:0:0:
320,192,129374,1,0,0:0:0:0:
64,192,129488,1,0,0:0:0:0:
320,192,129602,1,0,0:0:0:0:
192,192,129667,1,0,0:0:0:0:
64,192,129732,1,0,0:0:0:0:
320,192,129862,1,0,0:0:0:0:
192,192,129979,1,0,0:0:0:0:
448,192,130097,1,0,0:0:0:0:
64,192,130097,1,0,0:0:0:0:
192,192,130214,1,0,0:0:0:0:
320,192,130332,1,0,0:0:0:0:
64,192,130332,1,0,0:0:0:0:
448,192,130450,1,0,0:0:0:0:
192,192,130567,1,0,0:0:0:0:
320,192,130626,1,0,0:0:0:0:
448,192,130685,1,0,0:0:0:0:
192,192,130803,1,0,0:0:0:0:
320,192,130943,1,0,0:0:0:0:
448,192,131083,1,0,0:0:0:0:
64,192,131083,1,0,0:0:0:0:
192,192,131201,1,0,0:0:0:0:
448,192,131320,1,0,0:0:0:0:
320,192,131320,1,0,0:0:0:0:
64,192,131438,1,0,0:0:0:0:
448,192,131557,1,0,0:0:0:0:
192,192,131557,1,0,0:0:0:0:
320,192,131675,1,0,0:0:0:0:
448,192,131794,1,0,0:0:0:0:
192,192,131794,1,0,0:0:0:0:
64,192,131913,1,0,0:0:0:0:
320,192,132031,1,0,0:0:0:0:
192,192,132031,1,0,0:0:0:0:
64,192,132159,1,0,0:0:0:0:
320,192,132287,1,0,0:0:0:0:
192,192,132287,1,0,0:0:0:0:
448,192,132415,1,0,0:0:0:0:
64,192,132543,1,0,0:0:0:0:
448,192,132654,1,0,0:0:0:0:
320,192,132766,1,0,0:0:0:0:
192,192,132883,1,0,0:0:0:0:
64,192,133001,1,0,0:0:0:0:
320,192,133118,1,0,0:0:0:0:
448,192,133236,1,0,0:0:0:0:
192,192,133354,1,0,0:0:0:0:
320,192,133471,1,0,0:0:0:0:
448,192,133471,1,0,0:0:0:0:
64,192,133605,1,0,0:0:0:0:
192,192,133740,1,0,0:0:0:0:
448,192,133874,1,0,0:0:0:0:
192,192,134009,1,0,0:0:0:0:
64,192,134009,1,0,0:0:0:0:
448,192,134125,1,0,0:0:0:0:
320,192,134241,1,0,0:0:0:0:
192,192,134241,1,0,0:0:0:0:
64,192,134347,1,0,0:0:0:0:
320,192,134483,1,0,0:0:0:0:
448,192,134483,1,0,0:0:0:0:
192,192,134603,1,0,0:0:0:0:
448,192,134724,1,0,0:0:0:0:
64,192,134845,1,0,0:0:0:0:
448,192,134966,1,0,0:0:0:0:
320,192,134966,1,0,0:0:0:0:
64,192,135087,1,0,0:0:0:0:
448,192,135208,1,0,0:0:0:0:
192,192,135208,1,0,0:0:0:0:
320,192,135329,1,0,0:0:0:0:
192,192,135471,1,0,0:0:0:0:
64,192,135471,1,0,0:0:0:0:
320,192,135615,1,0,0:0:0:0:
192,192,135724,1,0,0:0:0:0:
64,192,135838,1,0,0:0:0:0:
448,192,135953,1,0,0:0:0:0:
192,192,135953,1,0,0:0:0:0:
320,192,136068,1,0,0:0:0:0:
448,192,136183,1,0,0:0:0:0:
64,192,136183,1,0,0:0:0:0:
192,192,136298,1,0,0:0:0:0:
448,192,136413,1,0,0:0:0:0:
320,192,136413,1,0,0:0:0:0:
64,192,136537,1,0,0:0:0:0:
192,192,136657,1,0,0:0:0:0:
320,192,136776,1,0,0:0:0:0:
448,192,136896,1,0,0:0:0:0:
64,192,136896,1,0,0:0:0:0:
320,192,137015,1,0,0:0:0:0:
192,192,137135,1,0,0:0:0:0:
64,192,137254,1,0,0:0:0:0:
192,192,137374,1,0,0:0:0:0:
320,192,137374,1,0,0:0:0:0:
448,192,137374,1,0,0:0:0:0:
320,192,137768,1,0,0:0:0:0:
64,192,137768,1,0,0:0:0:0:
448,192,138033,1,0,0:0:0:0:
320,192,138033,1,0,0:0:0:0:
64,192,138033,1,0,0:0:0:0:
320,192,138298,1,0,0:0:0:0:
192,192,138298,1,0,0:0:0:0:
320,192,138564,1,0,0:0:0:0:
64,192,138564,1,0,0:0:0:0:
192,192,138814,1,0,0:0:0:0:
448,192,139064,1,0,0:0:0:0:
192,192,139355,1,0,0:0:0:0:
320,192,139608,1,0,0:0:0:0:
64,192,139734,1,0,0:0:0:0:
448,192,139861,1,0,0:0:0:0:
320,192,139861,1,0,0:0:0:0:
192,192,139987,1,0,0:0:0:0:
320,192,140114,1,0,0:0:0:0:
64,192,140114,1,0,0:0:0:0:
448,192,140241,1,0,0:0:0:0:
192,192,140367,1,0,0:0:0:0:
64,192,140367,1,0,0:0:0:0:
448,192,140494,1,0,0:0:0:0:
320,192,140620,1,0,0:0:0:0:
64,192,140620,1,0,0:0:0:0:
192,192,140747,1,0,0:0:0:0:
448,192,140873,1,0,0:0:0:0:
64,192,140873,1,0,0:0:0:0:
320,192,141000,1,0,0:0:0:0:
448,192,141127,1,0,0:0:0:0:
192,192,141127,1,0,0:0:0:0:
64,192,141271,1,0,0:0:0:0:
448,192,141416,1,0,0:0:0:0:
320,192,141416,1,0,0:0:0:0:
192,192,141543,1,0,0:0:0:0:
448,192,141671,1,0,0:0:0:0:
64,192,141671,1,0,0:0:0:0:
320,192,141798,1,0,0:0:0:0:
192,192,141926,1,0,0:0:0:0:
64,192,141926,1,0,0:0:0:0:
320,192,142054,1,0,0:0:0:0:
448,192,142181,1,0,0:0:0:0:
192,192,142181,1,0,0:0:0:0:
64,192,142181,1,0,0:0:0:0:
192,192,142478,1,0,0:0:0:0:
64,192,142478,1,0,0:0:0:0:
448,192,142478,1,0,0:0:0:0:
448,192,142724,1,0,0:0:0:0:
320,192,142724,1,0,0:0:0:0:
192,192,142848,1,0,0:0:0:0:
320,192,142971,1,0,0:0:0:0:
64,192,142971,1,0,0:0:0:0:
448,192,143095,1,0,0:0:0:0:
192,192,143218,1,0,0:0:0:0:
64,192,143218,1,0,0:0:0:0:
320,192,143342,1,0,0:0:0:0:
448,192,143465,1,0,0:0:0:0:
192,192,143465,1,0,0:0:0:0:
320,192,143589,1,0,0:0:0:0:
448,192,143712,1,0,0:0:0:0:
64,192,143712,1,0,0:0:0:0:
320,192,143836,1,0,0:0:0:0:
192,192,143959,1,0,0:0:0:0:
64,192,143959,1,0,0:0:0:0:
448,192,144082,1,0,0:0:0:0:
320,192,144206,1,0,0:0:0:0:
64,192,144206,1,0,0:0:0:0:
192,192,144329,1,0,0:0:0:0:
448,192,144453,1,0,0:0:0:0:
64,192,144453,1,0,0:0:0:0:
320,192,144576,1,0,0:0:0:0:
448,192,144700,1,0,0:0:0:0:
192,192,144700,1,0,0:0:0:0:
320,192,144823,1,0,0:0:0:0:
192,192,144947,1,0,0:0:0:0:
64,192,144947,1,0,0:0:0:0:
320,192,145070,1,0,0:0:0:0:
448,192,145194,1,0,0:0:0:0:
64,192,145194,1,0,0:0:0:0:
192,192,145338,1,0,0:0:0:0:
448,192,145482,1,0,0:0:0:0:
320,192,145482,1,0,0:0:0:0:
192,192,145606,1,0,0:0:0:0:
320,192,145730,1,0,0:0:0:0:
64,192,145730,1,0,0:0:0:0:
192,192,145855,1,0,0:0:0:0:
448,192,145979,1,0,0:0:0:0:
64,192,145979,1,0,0:0:0:0:
192,192,146104,1,0,0:0:0:0:
448,192,146145,1,0,0:0:0:0:
320,192,146228,1,0,0:0:0:0:
64,192,146228,1,0,0:0:0:0:
192,192,146353,1,0,0:0:0:0:
448,192,146477,1,0,0:0:0:0:
320,192,146477,1,0,0:0:0:0:
192,192,146602,1,0,0:0:0:0:
448,192,146726,1,0,0:0:0:0:
64,192,146726,1,0,0:0:0:0:
320,192,146844,1,0,0:0:0:0:
448,192,146962,1,0,0:0:0:0:
192,192,146962,1,0,0:0:0:0:
320,192,147080,1,0,0:0:0:0:
448,192,147198,1,0,0:0:0:0:
64,192,147198,1,0,0:0:0:0:
192,192,147316,1,0,0:0:0:0:
320,192,147434,1,0,0:0:0:0:
448,192,147434,1,0,0:0:0:0:
64,192,147552,1,0,0:0:0:0:
320,192,147670,1,0,0:0:0:0:
192,192,147670,1,0,0:0:0:0:
64,192,147753,1,0,0:0:0:0:
192,192,147837,1,0,0:0:0:0:
320,192,147921,1,0,0:0:0:0:
192,192,148004,1,0,0:0:0:0:
64,192,148088,1,0,0:0:0:0:
448,192,148172,1,0,0:0:0:0:
192,192,148255,1,0,0:0:0:0:
320,192,148339,1,0,0:0:0:0:
448,192,148423,1,0,0:0:0:0:
320,192,148506,1,0,0:0:0:0:
192,192,148590,1,0,0:0:0:0:
448,192,148674,1,0,0:0:0:0:
64,192,148757,1,0,0:0:0:0:
192,192,148841,1,0,0:0:0:0:
448,192,148925,1,0,0:0:0:0:
192,192,149008,1,0,0:0:0:0:
64,192,149092,1,0,0:0:0:0:
320,192,149176,1,0,0:0:0:0:
448,192,149259,1,0,0:0:0:0:
192,192,149343,1,0,0:0:0:0:
64,192,149427,1,0,0:0:0:0:
192,192,149506,1,0,0:0:0:0:
448,192,149585,1,0,0:0:0:0:
320,192,149664,1,0,0:0:0:0:
64,192,149748,1,0,0:0:0:0:
192,192,149832,1,0,0:0:0:0:
320,192,149916,1,0,0:0:0:0:
192,192,150000,1,0,0:0:0:0:
64,192,150084,1,0,0:0:0:0:
448,192,150168,1,0,0:0:0:0:
192,192,150252,1,0,0:0:0:0:
320,192,150336,1,0,0:0:0:0:
448,192,150420,1,0,0:0:0:0:
320,192,150504,1,0,0:0:0:0:
192,192,150588,1,0,0:0:0:0:
448,192,150662,1,0,0:0:0:0:
320,192,150741,1,0,0:0:0:0:
192,192,150821,1,0,0:0:0:0:
64,192,150901,1,0,0:0:0:0:
320,192,150980,1,0,0:0:0:0:
192,192,151060,1,0,0:0:0:0:
448,192,151140,1,0,0:0:0:0:
192,192,151219,1,0,0:0:0:0:
448,192,151299,1,0,0:0:0:0:
320,192,151379,1,0,0:0:0:0:
192,192,151458,1,0,0:0:0:0:
64,192,151538,1,0,0:0:0:0:
448,192,151578,1,0,0:0:0:0:
192,192,151663,1,0,0:0:0:0:
320,192,151748,1,0,0:0:0:0:
448,192,151833,1,0,0:0:0:0:
320,192,151917,1,0,0:0:0:0:
192,192,152002,1,0,0:0:0:0:
448,192,152087,1,0,0:0:0:0:
64,192,152172,1,0,0:0:0:0:
192,192,152256,1,0,0:0:0:0:
320,192,152341,1,0,0:0:0:0:
192,192,152426,1,0,0:0:0:0:
64,192,152511,1,0,0:0:0:0:
448,192,152595,1,0,0:0:0:0:
192,192,152678,1,0,0:0:0:0:
320,192,152761,1,0,0:0:0:0:
448,192,152845,1,0,0:0:0:0:
320,192,152928,1,0,0:0:0:0:
192,192,153011,1,0,0:0:0:0:
64,192,153095,1,0,0:0:0:0:
448,192,153178,1,0,0:0:0:0:
320,192,153261,1,0,0:0:0:0:
192,192,153345,1,0,0:0:0:0:
320,192,153428,1,0,0:0:0:0:
448,192,153511,1,0,0:0:0:0:
64,192,153595,1,0,0:0:0:0:
320,192,153678,1,0,0:0:0:0:
192,192,153761,1,0,0:0:0:0:
64,192,153845,1,0,0:0:0:0:
192,192,153928,1,0,0:0:0:0:
320,192,154011,1,0,0:0:0:0:
448,192,154095,1,0,0:0:0:0:
192,192,154178,1,0,0:0:0:0:
320,192,154261,1,0,0:0:0:0:
448,192,154345,1,0,0:0:0:0:
320,192,154428,1,0,0:0:0:0:
192,192,154511,1,0,0:0:0:0:
448,192,154595,1,0,0:0:0:0:
192,192,154674,1,0,0:0:0:0:
320,192,154754,1,0,0:0:0:0:
448,192,154834,1,0,0:0:0:0:
64,192,154913,1,0,0:0:0:0:
192,192,154993,1,0,0:0:0:0:
320,192,155073,1,0,0:0:0:0:
192,192,155149,1,0,0:0:0:0:
320,192,155225,1,0,0:0:0:0:
448,192,155312,1,0,0:0:0:0:
64,192,155400,1,0,0:0:0:0:
320,192,155488,1,0,0:0:0:0:
192,192,155577,1,0,0:0:0:0:
64,192,155662,1,0,0:0:0:0:
448,192,155748,1,0,0:0:0:0:
192,192,155834,1,0,0:0:0:0:
320,192,155920,1,0,0:0:0:0:
448,192,156006,1,0,0:0:0:0:
64,192,156092,1,0,0:0:0:0:
448,192,156177,1,0,0:0:0:0:
320,192,156263,1,0,0:0:0:0:
64,192,156349,1,0,0:0:0:0:
448,192,156478,1,0,0:0:0:0:
192,192,156607,1,0,0:0:0:0:
64,192,156607,1,0,0:0:0:0:
320,192,156746,1,0,0:0:0:0:
64,192,156891,1,0,0:0:0:0:
192,192,157027,1,0,0:0:0:0:
448,192,157163,1,0,0:0:0:0:
320,192,157163,1,0,0:0:0:0:
192,192,157299,1,0,0:0:0:0:
448,192,157435,1,0,0:0:0:0:
64,192,157572,1,0,0:0:0:0:
320,192,157708,1,0,0:0:0:0:
448,192,157708,1,0,0:0:0:0:
320,192,158779,1,0,0:0:0:0:
192,192,159070,1,0,0:0:0:0:
64,192,159072,1,0,0:0:0:0:
448,192,159381,1,0,0:0:0:0:
320,192,159381,1,0,0:0:0:0:
192,192,159664,1,0,0:0:0:0:
64,192,159664,1,0,0:0:0:0:
448,192,159945,1,0,0:0:0:0:
320,192,159945,1,0,0:0:0:0:
448,192,160315,1,0,0:0:0:0:
64,192,160315,1,0,0:0:0:0:
448,192,161298,1,0,0:0:0:0:
64,192,161298,1,0,0:0:0:0:
320,192,161599,1,0,0:0:0:0:
192,192,161599,1,0,0:0:0:0:
320,192,162237,1,0,0:0:0:0:
64,192,162237,1,0,0:0:0:0:
64,192,162930,1,0,0:0:0:0:
448,192,162930,1,0,0:0:0:0:
320,192,164007,1,0,0:0:0:0:
192,192,164301,1,0,0:0:0:0:
448,192,164301,1,0,0:0:0:0:
320,192,164595,1,0,0:0:0:0:
64,192,164595,1,0,0:0:0:0:
448,192,164859,1,0,0:0:0:0:
192,192,164859,1,0,0:0:0:0:
320,192,165123,1,0,0:0:0:0:
64,192,165123,1,0,0:0:0:0:
448,192,165387,1,0,0:0:0:0:
64,192,165387,1,0,0:0:0:0:
192,192,165688,1,0,0:0:0:0:
320,192,165990,1,0,0:0:0:0:
448,192,166267,1,0,0:0:0:0:
64,192,166267,1,0,0:0:0:0:
192,192,166545,1,0,0:0:0:0:
448,192,166545,1,0,0:0:0:0:
320,192,166823,1,0,0:0:0:0:
448,192,166823,1,0,0:0:0:0:
192,192,167101,1,0,0:0:0:0:
64,192,167101,1,0,0:0:0:0:
320,192,167378,1,0,0:0:0:0:
448,192,167378,1,0,0:0:0:0:
448,192,167669,1,0,0:0:0:0:
64,192,167669,1,0,0:0:0:0:
192,192,167960,1,0,0:0:0:0:
320,192,168251,1,0,0:0:0:0:
448,192,168543,1,0,0:0:0:0:
64,192,168543,1,0,0:0:0:0:
320,192,168809,1,0,0:0:0:0:
192,192,168809,1,0,0:0:0:0:
320,192,169076,1,0,0:0:0:0:
192,192,169076,1,0,0:0:0:0:
64,192,169076,1,0,0:0:0:0:
64,192,169327,1,0,0:0:0:0:
192,192,169327,1,0,0:0:0:0:
320,192,169327,1,0,0:0:0:0:
320,192,169578,1,0,0:0:0:0:
192,192,169578,1,0,0:0:0:0:
64,192,169578,1,0,0:0:0:0:
448,192,169829,1,0,0:0:0:0:
64,192,169829,1,0,0:0:0:0:
192,192,170143,1,0,0:0:0:0:
320,192,170399,1,0,0:0:0:0:
320,192,170655,1,0,0:0:0:0:
192,192,170655,1,0,0:0:0:0:
64,192,170655,1,0,0:0:0:0:
64,192,170949,1,0,0:0:0:0:
448,192,170949,1,0,0:0:0:0:
192,192,171212,1,0,0:0:0:0:
320,192,171475,1,0,0:0:0:0:
448,192,171713,1,0,0:0:0:0:
192,192,171713,1,0,0:0:0:0:
64,192,171713,1,0,0:0:0:0:
448,192,171993,1,0,0:0:0:0:
320,192,171993,1,0,0:0:0:0:
64,192,172273,1,0,0:0:0:0:
192,192,172554,1,0,0:0:0:0:
320,192,172776,1,0,0:0:0:0:
448,192,172776,1,0,0:0:0:0:
64,192,172776,1,0,0:0:0:0:
192,192,173056,1,0,0:0:0:0:
64,192,173056,1,0,0:0:0:0:
448,192,173336,1,0,0:0:0:0:
320,192,173616,1,0,0:0:0:0:
64,192,173849,1,0,0:0:0:0:
192,192,173849,1,0,0:0:0:0:
448,192,173849,1,0,0:0:0:0:
320,192,174150,1,0,0:0:0:0:
64,192,174452,1,0,0:0:0:0:
192,192,174744,1,0,0:0:0:0:
448,192,175008,1,0,0:0:0:0:
320,192,175273,1,0,0:0:0:0:
64,192,175538,1,0,0:0:0:0:
192,192,175826,1,0,0:0:0:0:
320,192,176114,1,0,0:0:0:0:
448,192,176403,1,0,0:0:0:0:
64,192,176691,1,0,0:0:0:0:
192,192,176975,1,0,0:0:0:0:
320,192,177259,1,0,0:0:0:0:
64,192,177544,1,0,0:0:0:0:
448,192,177855,1,0,0:0:0:0:
320,192,178136,1,0,0:0:0:0:
64,192,178418,1,0,0:0:0:0:
448,192,178700,1,0,0:0:0:0:
320,192,178700,1,0,0:0:0:0:
192,192,178844,1,0,0:0:0:0:
64,192,178988,1,0,0:0:0:0:
320,192,179098,1,0,0:0:0:0:
64,192,179209,1,0,0:0:0:0:
448,192,179209,1,0,0:0:0:0:
320,192,179328,1,0,0:0:0:0:
192,192,179447,1,0,0:0:0:0:
448,192,179566,1,0,0:0:0:0:
192,192,179685,1,0,0:0:0:0:
64,192,179685,1,0,0:0:0:0:
320,192,179816,1,0,0:0:0:0:
448,192,179948,1,0,0:0:0:0:
64,192,180065,1,0,0:0:0:0:
448,192,180124,1,0,0:0:0:0:
192,192,180183,1,0,0:0:0:0:
320,192,180289,1,0,0:0:0:0:
448,192,180395,1,0,0:0:0:0:
64,192,180395,1,0,0:0:0:0:
192,192,180501,1,0,0:0:0:0:
448,192,180607,1,0,0:0:0:0:
64,192,180652,1,0,0:0:0:0:
320,192,180743,1,0,0:0:0:0:
192,192,180879,1,0,0:0:0:0:
64,192,180879,1,0,0:0:0:0:
320,192,181005,1,0,0:0:0:0:
448,192,181132,1,0,0:0:0:0:
64,192,181132,1,0,0:0:0:0:
192,192,181258,1,0,0:0:0:0:
448,192,181385,1,0,0:0:0:0:
320,192,181385,1,0,0:0:0:0:
192,192,181511,1,0,0:0:0:0:
448,192,181638,1,0,0:0:0:0:
64,192,181638,1,0,0:0:0:0:
320,192,181765,1,0,0:0:0:0:
192,192,181891,1,0,0:0:0:0:
64,192,182018,1,0,0:0:0:0:
448,192,182144,1,0,0:0:0:0:
320,192,182263,1,0,0:0:0:0:
192,192,182383,1,0,0:0:0:0:
64,192,182383,1,0,0:0:0:0:
320,192,182502,1,0,0:0:0:0:
64,192,182610,1,0,0:0:0:0:
192,192,182680,1,0,0:0:0:0:
320,192,182750,1,0,0:0:0:0:
448,192,182890,1,0,0:0:0:0:
64,192,182999,1,0,0:0:0:0:
448,192,183109,1,0,0:0:0:0:
320,192,183109,1,0,0:0:0:0:
192,192,183234,1,0,0:0:0:0:
64,192,183359,1,0,0:0:0:0:
448,192,183359,1,0,0:0:0:0:
320,192,183484,1,0,0:0:0:0:
64,192,183584,1,0,0:0:0:0:
192,192,183646,1,0,0:0:0:0:
320,192,183709,1,0,0:0:0:0:
64,192,183834,1,0,0:0:0:0:
448,192,183959,1,0,0:0:0:0:
320,192,184084,1,0,0:0:0:0:
192,192,184084,1,0,0:0:0:0:
64,192,184209,1,0,0:0:0:0:
320,192,184319,1,0,0:0:0:0:
192,192,184319,1,0,0:0:0:0:
64,192,184441,1,0,0:0:0:0:
448,192,184441,1,0,0:0:0:0:
320,192,184564,1,0,0:0:0:0:
64,192,184687,1,0,0:0:0:0:
448,192,184810,1,0,0:0:0:0:
320,192,184810,1,0,0:0:0:0:
64,192,184927,1,0,0:0:0:0:
320,192,185045,1,0,0:0:0:0:
192,192,185045,1,0,0:0:0:0:
448,192,185162,1,0,0:0:0:0:
192,192,185280,1,0,0:0:0:0:
320,192,185280,1,0,0:0:0:0:
64,192,185398,1,0,0:0:0:0:
192,192,185515,1,0,0:0:0:0:
448,192,185515,1,0,0:0:0:0:
64,192,185654,1,0,0:0:0:0:
192,192,185794,1,0,0:0:0:0:
320,192,185910,1,0,0:0:0:0:
448,192,186026,1,0,0:0:0:0:
320,192,186142,1,0,0:0:0:0:
64,192,186259,1,0,0:0:0:0:
192,192,186375,1,0,0:0:0:0:
448,192,186491,1,0,0:0:0:0:
64,192,186491,1,0,0:0:0:0:
192,192,186614,1,0,0:0:0:0:
320,192,186737,1,0,0:0:0:0:
64,192,186737,1,0,0:0:0:0:
448,192,186861,1,0,0:0:0:0:
192,192,186984,1,0,0:0:0:0:
64,192,186984,1,0,0:0:0:0:
320,192,187108,1,0,0:0:0:0:
448,192,187231,1,0,0:0:0:0:
64,192,187231,1,0,0:0:0:0:
192,192,187333,1,0,0:0:0:0:
448,192,187478,1,0,0:0:0:0:
320,192,187478,1,0,0:0:0:0:
192,192,187596,1,0,0:0:0:0:
448,192,187715,1,0,0:0:0:0:
64,192,187715,1,0,0:0:0:0:
320,192,187833,1,0,0:0:0:0:
448,192,187952,1,0,0:0:0:0:
192,192,187952,1,0,0:0:0:0:
64,192,188070,1,0,0:0:0:0:
320,192,188189,1,0,0:0:0:0:
448,192,188189,1,0,0:0:0:0:
192,192,188302,1,0,0:0:0:0:
448,192,188415,1,0,0:0:0:0:
64,192,188415,1,0,0:0:0:0:
192,192,188547,1,0,0:0:0:0:
448,192,188680,1,0,0:0:0:0:
320,192,188680,1,0,0:0:0:0:
192,192,188813,1,0,0:0:0:0:
448,192,188945,1,0,0:0:0:0:
64,192,188945,1,0,0:0:0:0:
320,192,189078,1,0,0:0:0:0:
64,192,189179,1,0,0:0:0:0:
448,192,189179,1,0,0:0:0:0:
192,192,189305,1,0,0:0:0:0:
448,192,189431,1,0,0:0:0:0:
320,192,189431,1,0,0:0:0:0:
192,192,189557,1,0,0:0:0:0:
320,192,189683,1,0,0:0:0:0:
192,192,189809,1,0,0:0:0:0:
448,192,189935,1,0,0:0:0:0:
64,192,189935,1,0,0:0:0:0:
320,192,190061,1,0,0:0:0:0:
448,192,190187,1,0,0:0:0:0:
192,192,190187,1,0,0:0:0:0:
320,192,190299,1,0,0:0:0:0:
192,192,190411,1,0,0:0:0:0:
64,192,190411,1,0,0:0:0:0:
448,192,190411,1,0,0:0:0:0:
320,192,190579,1,0,0:0:0:0:
64,192,190695,1,0,0:0:0:0:
320,192,190812,1,0,0:0:0:0:
448,192,190930,1,0,0:0:0:0:
192,192,190930,1,0,0:0:0:0:
320,192,191047,1,0,0:0:0:0:
448,192,191165,1,0,0:0:0:0:
64,192,191165,1,0,0:0:0:0:
320,192,191283,1,0,0:0:0:0:
64,192,191394,1,0,0:0:0:0:
192,192,191394,1,0,0:0:0:0:
448,192,191394,1,0,0:0:0:0:
192,192,191647,1,0,0:0:0:0:
448,192,191773,1,0,0:0:0:0:
64,192,191900,1,0,0:0:0:0:
320,192,191900,1,0,0:0:0:0:
448,192,192023,1,0,0:0:0:0:
192,192,192131,1,0,0:0:0:0:
64,192,192131,1,0,0:0:0:0:
448,192,192254,1,0,0:0:0:0:
320,192,192339,1,0,0:0:0:0:
192,192,192339,1,0,0:0:0:0:
64,192,192339,1,0,0:0:0:0:
192,192,192610,1,0,0:0:0:0:
320,192,192610,1,0,0:0:0:0:
448,192,192610,1,0,0:0:0:0:
320,192,192868,1,0,0:0:0:0:
192,192,192868,1,0,0:0:0:0:
64,192,192868,1,0,0:0:0:0:
64,192,193127,1,0,0:0:0:0:
320,192,193127,1,0,0:0:0:0:
448,192,193127,1,0,0:0:0:0:
192,192,193385,1,0,0:0:0:0:
64,192,193385,1,0,0:0:0:0:
448,192,193385,1,0,0:0:0:0:
320,192,193515,1,0,0:0:0:0:
192,192,193644,1,0,0:0:0:0:
320,192,193762,1,0,0:0:0:0:
64,192,193880,1,0,0:0:0:0:
448,192,193880,1,0,0:0:0:0:
192,192,193998,1,0,0:0:0:0:
448,192,194116,1,0,0:0:0:0:
320,192,194116,1,0,0:0:0:0:
192,192,194234,1,0,0:0:0:0:
448,192,194352,1,0,0:0:0:0:
320,192,194352,1,0,0:0:0:0:
64,192,194352,1,0,0:0:0:0:
448,192,194610,1,0,0:0:0:0:
64,192,194739,1,0,0:0:0:0:
448,192,194869,1,0,0:0:0:0:
192,192,194869,1,0,0:0:0:0:
320,192,194982,1,0,0:0:0:0:
448,192,195095,1,0,0:0:0:0:
64,192,195095,1,0,0:0:0:0:
192,192,195208,1,0,0:0:0:0:
448,192,195321,1,0,0:0:0:0:
320,192,195321,1,0,0:0:0:0:
64,192,195321,1,0,0:0:0:0:
192,192,195447,1,0,0:0:0:0:
64,192,195573,1,0,0:0:0:0:
448,192,195573,1,0,0:0:0:0:
192,192,195699,1,0,0:0:0:0:
448,192,195825,1,0,0:0:0:0:
320,192,195825,1,0,0:0:0:0:
192,192,195951,1,0,0:0:0:0:
320,192,196077,1,0,0:0:0:0:
64,192,196077,1,0,0:0:0:0:
192,192,196203,1,0,0:0:0:0:
448,192,196313,1,0,0:0:0:0:
320,192,196313,1,0,0:0:0:0:
64,192,196396,1,0,0:0:0:0:
192,192,196479,1,0,0:0:0:0:
320,192,196563,1,0,0:0:0:0:
192,192,196646,1,0,0:0:0:0:
64,192,196729,1,0,0:0:0:0:
448,192,196813,1,0,0:0:0:0:
192,192,196896,1,0,0:0:0:0:
320,192,196980,1,0,0:0:0:0:
448,192,197064,1,0,0:0:0:0:
64,192,197064,1,0,0:0:0:0:
320,192,197147,1,0,0:0:0:0:
192,192,197231,1,0,0:0:0:0:
448,192,197315,1,0,0:0:0:0:
64,192,197398,1,0,0:0:0:0:
192,192,197482,1,0,0:0:0:0:
320,192,197553,1,0,0:0:0:0:
448,192,197553,1,0,0:0:0:0:
192,192,197634,1,0,0:0:0:0:
64,192,197715,1,0,0:0:0:0:
448,192,197796,1,0,0:0:0:0:
192,192,197878,1,0,0:0:0:0:
320,192,197959,1,0,0:0:0:0:
448,192,198040,1,0,0:0:0:0:
64,192,198040,1,0,0:0:0:0:
320,192,198131,1,0,0:0:0:0:
192,192,198222,1,0,0:0:0:0:
448,192,198313,1,0,0:0:0:0:
64,192,198405,1,0,0:0:0:0:
192,192,198496,1,0,0:0:0:0:
448,192,198557,1,0,0:0:0:0:
320,192,198557,1,0,0:0:0:0:
192,192,198646,1,0,0:0:0:0:
64,192,198735,1,0,0:0:0:0:
448,192,198824,1,0,0:0:0:0:
192,192,198914,1,0,0:0:0:0:
320,192,199003,1,0,0:0:0:0:
448,192,199072,1,0,0:0:0:0:
192,192,199072,1,0,0:0:0:0:
320,192,199154,1,0,0:0:0:0:
192,192,199237,1,0,0:0:0:0:
448,192,199312,1,0,0:0:0:0:
64,192,199394,1,0,0:0:0:0:
192,192,199477,1,0,0:0:0:0:
448,192,199560,1,0,0:0:0:0:
320,192,199560,1,0,0:0:0:0:
192,192,199643,1,0,0:0:0:0:
64,192,199726,1,0,0:0:0:0:
448,192,199809,1,0,0:0:0:0:
192,192,199892,1,0,0:0:0:0:
320,192,199975,1,0,0:0:0:0:
448,192,200045,1,0,0:0:0:0:
64,192,200045,1,0,0:0:0:0:
320,192,200127,1,0,0:0:0:0:
192,192,200210,1,0,0:0:0:0:
320,192,200307,1,0,0:0:0:0:
448,192,200307,1,0,0:0:0:0:
320,192,200631,1,0,0:0:0:0:
448,192,200631,1,0,0:0:0:0:
192,192,200631,1,0,0:0:0:0:
448,192,200872,1,0,0:0:0:0:
320,192,201206,1,0,0:0:0:0:
192,192,201257,1,0,0:0:0:0:
64,192,201309,1,0,0:0:0:0:
448,192,201361,1,0,0:0:0:0:
320,192,201412,1,0,0:0:0:0:
192,192,201412,1,0,0:0:0:0:
320,192,201679,1,0,0:0:0:0:
64,192,201679,1,0,0:0:0:0:
192,192,201679,1,0,0:0:0:0:
448,192,201946,1,0,0:0:0:0:
320,192,202213,1,0,0:0:0:0:
192,192,202292,1,0,0:0:0:0:
64,192,202371,1,0,0:0:0:0:
192,192,202410,1,0,0:0:0:0:
320,192,202449,1,0,0:0:0:0:
448,192,202449,1,0,0:0:0:0:
320,192,202712,1,0,0:0:0:0:
448,192,202712,1,0,0:0:0:0:
192,192,202712,1,0,0:0:0:0:
448,192,202975,1,0,0:0:0:0:
320,192,203289,1,0,0:0:0:0:
192,192,203342,1,0,0:0:0:0:
64,192,203395,1,0,0:0:0:0:
448,192,203448,1,0,0:0:0:0:
320,192,203501,1,0,0:0:0:0:
192,192,203501,1,0,0:0:0:0:
192,192,203764,1,0,0:0:0:0:
64,192,203764,1,0,0:0:0:0:
320,192,203764,1,0,0:0:0:0:
448,192,204011,1,0,0:0:0:0:
192,192,204312,1,0,0:0:0:0:
320,192,204387,1,0,0:0:0:0:
64,192,204462,1,0,0:0:0:0:
192,192,204500,1,0,0:0:0:0:
448,192,204538,1,0,0:0:0:0:
320,192,204538,1,0,0:0:0:0:
320,192,204817,1,0,0:0:0:0:
192,192,204817,1,0,0:0:0:0:
448,192,204817,1,0,0:0:0:0:
64,192,205074,1,0,0:0:0:0:
448,192,205424,1,0,0:0:0:0:
320,192,205487,1,0,0:0:0:0:
64,192,205592,1,0,0:0:0:0:
192,192,205634,1,0,0:0:0:0:
448,192,205675,1,0,0:0:0:0:
320,192,205675,1,0,0:0:0:0:
320,192,206027,1,0,0:0:0:0:
448,192,206028,1,0,0:0:0:0:
64,192,206322,1,0,0:0:0:0:
320,192,206581,1,0,0:0:0:0:
448,192,206581,1,0,0:0:0:0:
320,192,206950,1,0,0:0:0:0:
192,192,206950,1,0,0:0:0:0:
64,192,206950,1,0,0:0:0:0:
448,192,208138,1,0,0:0:0:0:
320,192,208310,1,0,0:0:0:0:
192,192,208438,1,0,0:0:0:0:
320,192,208503,1,0,0:0:0:0:
64,192,208611,1,0,0:0:0:0:
192,192,208696,1,0,0:0:0:0:
320,192,208781,1,0,0:0:0:0:
448,192,208849,1,0,0:0:0:0:
64,192,208918,1,0,0:0:0:0:
192,192,208987,1,0,0:0:0:0:
448,192,209063,1,0,0:0:0:0:
320,192,209132,1,0,0:0:0:0:
192,192,209201,1,0,0:0:0:0:
448,192,209271,1,0,0:0:0:0:
64,192,209340,1,0,0:0:0:0:
320,192,209410,1,0,0:0:0:0:
192,192,209479,1,0,0:0:0:0:
64,192,209541,1,0,0:0:0:0:
448,192,209604,1,0,0:0:0:0:
320,192,209667,1,0,0:0:0:0:
192,192,209730,1,0,0:0:0:0:
64,192,209793,1,0,0:0:0:0:
448,192,209896,1,0,0:0:0:0:
320,192,209896,1,0,0:0:0:0:
192,192,212068,1,0,0:0:0:0:
320,192,212195,1,0,0:0:0:0:
448,192,212320,128,0,212822:0:0:0:0:
64,192,212320,1,0,0:0:0:0:
320,192,212822,1,0,0:0:0:0:
448,192,212963,1,0,0:0:0:0:
192,192,212963,128,0,213463:0:0:0:0:
320,192,213463,1,0,0:0:0:0:
448,192,213621,1,0,0:0:0:0:
192,192,213621,1,0,0:0:0:0:
192,192,214546,1,0,0:0:0:0:
320,192,214684,1,0,0:0:0:0:
448,192,214822,1,0,0:0:0:0:
64,192,214822,128,0,215374:0:0:0:0:
192,192,215374,1,0,0:0:0:0:
448,192,215518,1,0,0:0:0:0:
320,192,215518,128,0,216053:0:0:0:0:
192,192,216053,1,0,0:0:0:0:
64,192,216225,1,0,0:0:0:0:
320,192,217107,1,0,0:0:0:0:
320,192,217422,1,0,0:0:0:0:
64,192,217422,1,0,0:0:0:0:
192,192,218456,1,0,0:0:0:0:
448,192,218801,1,0,0:0:0:0:
320,192,218801,1,0,0:0:0:0:
448,192,219817,1,0,0:0:0:0:
320,192,219891,1,0,0:0:0:0:
192,192,219965,1,0,0:0:0:0:
448,192,220040,1,0,0:0:0:0:
64,192,220040,1,0,0:0:0:0:
192,192,220127,1,0,0:0:0:0:
320,192,220215,1,0,0:0:0:0:
448,192,220303,1,0,0:0:0:0:
64,192,220390,1,0,0:0:0:0:
192,192,220478,1,0,0:0:0:0:
448,192,220561,1,0,0:0:0:0:
320,192,220631,1,0,0:0:0:0:
192,192,220702,1,0,0:0:0:0:
448,192,220765,1,0,0:0:0:0:
320,192,220843,1,0,0:0:0:0:
64,192,220921,1,0,0:0:0:0:
192,192,220999,1,0,0:0:0:0:
448,192,220999,1,0,0:0:0:0:
320,192,220999,1,0,0:0:0:0:
