osu file format v14

[General]
AudioFilename: audio.mp3
AudioLeadIn: 0
PreviewTime: -1
Countdown: 0
SampleSet: Soft
StackLeniency: 0.7
Mode: 3
LetterboxInBreaks: 0
SpecialStyle: 0
WidescreenStoryboard: 0

[Editor]
Bookmarks: 67658,75690,104597,127186,148209,168554
DistanceSpacing: 0.8
BeatDivisor: 16
GridSize: 32
TimelineZoom: 2.1

[Metadata]
Title:Natural
TitleUnicode:Natural
Artist:Imagine Dragons
ArtistUnicode:Imagine Dragons
Creator:WoahItsAjax
Version:Normal
Source:
Tags:imagine dragons Imagine Dragons Natural new song natural
BeatmapID:1757232
BeatmapSetID:839428

[Difficulty]
HPDrainRate:5
CircleSize:4
OverallDifficulty:6
ApproachRate:5
SliderMultiplier:1.4
SliderTickRate:1

[Events]
//Background and Video events
0,0,"maxresdefault.jpg",0,0
//Break Periods
//Storyboard Layer 0 (Background)
//Storyboard Layer 1 (Fail)
//Storyboard Layer 2 (Pass)
//Storyboard Layer 3 (Foreground)
//Storyboard Sound Samples

[TimingPoints]
2019,472.44094488189,4,2,0,14,1,0


[HitObjects]
64,192,2019,128,4,5709:0:0:0:0:
192,192,5709,128,2,6831:0:0:0:0:
320,192,6831,128,10,10936:0:0:0:0:
64,192,11792,1,4,0:0:0:0:
320,192,11940,1,8,0:0:0:0:
448,192,12058,1,2,0:0:0:0:
64,192,12324,1,8,0:0:0:0:
448,192,12501,128,4,13121:0:0:0:0:
192,192,13830,1,4,0:0:0:0:
192,192,14272,1,2,0:0:0:0:
320,192,14538,1,4,0:0:0:0:
320,192,14745,1,8,0:0:0:0:
64,192,14863,1,2,0:0:0:0:
448,192,15040,1,8,0:0:0:0:
320,192,15158,1,4,0:0:0:0:
64,192,15454,1,2,0:0:0:0:
192,192,15601,1,4,0:0:0:0:
320,192,15749,128,8,15926:0:0:0:0:
192,192,16074,1,4,0:0:0:0:
320,192,16310,1,8,0:0:0:0:
192,192,16517,1,8,0:0:0:0:
320,192,16635,1,8,0:0:0:0:
192,192,16812,128,4,17078:0:0:0:0:
320,192,17196,1,8,0:0:0:0:
192,192,17284,128,4,17845:0:0:0:0:
320,192,18731,1,2,0:0:0:0:
192,192,19085,1,8,0:0:0:0:
320,192,19381,1,4,0:0:0:0:
192,192,19528,1,8,0:0:0:0:
192,192,19824,1,2,0:0:0:0:
320,192,19971,1,4,0:0:0:0:
64,192,20119,1,8,0:0:0:0:
448,192,20267,1,8,0:0:0:0:
64,192,20414,1,8,0:0:0:0:
448,192,20562,1,8,0:0:0:0:
448,192,20857,1,2,0:0:0:0:
64,192,21064,1,2,0:0:0:0:
64,192,21330,128,2,24961:0:0:0:0:
448,192,21330,1,8,0:0:0:0:
192,192,21448,1,8,0:0:0:0:
448,192,21566,1,8,0:0:0:0:
192,192,21979,1,8,0:0:0:0:
448,192,22156,1,8,0:0:0:0:
448,192,23485,1,8,0:0:0:0:
192,192,24223,1,2,0:0:0:0:
448,192,24814,1,2,0:0:0:0:
192,192,24961,128,4,25906:0:0:0:0:
448,192,25375,1,8,0:0:0:0:
320,192,25906,128,4,27353:0:0:0:0:
64,192,26261,1,2,0:0:0:0:
192,192,26733,1,8,0:0:0:0:
448,192,27648,128,4,28032:0:0:0:0:
64,192,28032,128,4,28770:0:0:0:0:
448,192,29568,1,8,0:0:0:0:
64,192,29863,1,8,0:0:0:0:
448,192,30158,1,8,0:0:0:0:
64,192,30454,1,2,0:0:0:0:
448,192,30631,128,4,32284:0:0:0:0:
64,192,30749,1,8,0:0:0:0:
192,192,31339,1,8,0:0:0:0:
320,192,31871,1,2,0:0:0:0:
192,192,32137,1,8,0:0:0:0:
448,192,32904,1,2,0:0:0:0:
64,192,33141,1,8,0:0:0:0:
192,192,33495,1,8,0:0:0:0:
192,192,33672,1,2,0:0:0:0:
448,192,33731,1,2,0:0:0:0:
192,192,33879,1,2,0:0:0:0:
320,192,34263,1,8,0:0:0:0:
320,192,34587,1,8,0:0:0:0:
448,192,34853,1,2,0:0:0:0:
448,192,35178,1,4,0:0:0:0:
192,192,35385,1,8,0:0:0:0:
64,192,35503,128,4,37127:0:0:0:0:
448,192,35503,1,2,0:0:0:0:
448,192,36123,1,8,0:0:0:0:
320,192,36595,1,2,0:0:0:0:
448,192,36743,1,2,0:0:0:0:
448,192,37068,1,8,0:0:0:0:
448,192,37629,1,4,0:0:0:0:
64,192,37924,1,4,0:0:0:0:
448,192,37924,1,4,0:0:0:0:
448,192,38396,1,8,0:0:0:0:
192,192,38515,1,4,0:0:0:0:
320,192,38515,1,4,0:0:0:0:
320,192,38839,1,2,0:0:0:0:
64,192,39017,1,4,0:0:0:0:
448,192,39017,1,4,0:0:0:0:
64,192,39430,1,4,0:0:0:0:
448,192,39430,1,4,0:0:0:0:
192,192,39755,1,8,0:0:0:0:
320,192,39755,1,2,0:0:0:0:
64,192,40050,1,8,0:0:0:0:
448,192,40227,128,4,41999:0:0:0:0:
192,192,40936,1,2,0:0:0:0:
64,192,41379,1,8,0:0:0:0:
192,192,41467,1,2,0:0:0:0:
320,192,41822,1,8,0:0:0:0:
448,192,42471,1,2,0:0:0:0:
64,192,42767,1,4,0:0:0:0:
448,192,42767,1,4,0:0:0:0:
448,192,43269,1,8,0:0:0:0:
64,192,43387,1,2,0:0:0:0:
192,192,43652,1,8,0:0:0:0:
320,192,43918,1,8,0:0:0:0:
448,192,44213,1,2,0:0:0:0:
192,192,44538,1,8,0:0:0:0:
320,192,44833,1,2,0:0:0:0:
448,192,45040,1,2,0:0:0:0:
64,192,45040,128,4,46310:0:0:0:0:
448,192,45749,1,8,0:0:0:0:
320,192,46221,1,2,0:0:0:0:
448,192,46310,128,4,46753:0:0:0:0:
64,192,46664,1,2,0:0:0:0:
64,192,47255,1,4,0:0:0:0:
448,192,47255,1,4,0:0:0:0:
448,192,47580,1,8,0:0:0:0:
64,192,47698,1,2,0:0:0:0:
448,192,47816,1,8,0:0:0:0:
64,192,47934,1,2,0:0:0:0:
448,192,48052,1,8,0:0:0:0:
192,192,48436,1,4,0:0:0:0:
64,192,48436,1,4,0:0:0:0:
448,192,48761,1,4,0:0:0:0:
320,192,48761,1,4,0:0:0:0:
448,192,49085,1,8,0:0:0:0:
192,192,49351,1,4,0:0:0:0:
320,192,49351,1,4,0:0:0:0:
64,192,49646,1,4,0:0:0:0:
448,192,49646,1,4,0:0:0:0:
448,192,49942,1,2,0:0:0:0:
64,192,49942,128,4,50414:0:0:0:0:
192,192,50414,128,4,50798:0:0:0:0:
448,192,50414,1,8,0:0:0:0:
64,192,50503,1,8,0:0:0:0:
320,192,50798,128,4,51064:0:0:0:0:
448,192,50798,1,8,0:0:0:0:
448,192,51270,1,2,0:0:0:0:
192,192,51418,1,8,0:0:0:0:
320,192,51418,1,8,0:0:0:0:
64,192,51713,1,4,0:0:0:0:
448,192,51713,1,4,0:0:0:0:
320,192,51891,1,8,0:0:0:0:
64,192,52038,1,2,0:0:0:0:
320,192,52245,1,8,0:0:0:0:
64,192,52393,1,4,0:0:0:0:
448,192,52393,1,4,0:0:0:0:
192,192,52511,128,2,52599:0:0:0:0:
448,192,52776,1,8,0:0:0:0:
64,192,52954,1,2,0:0:0:0:
448,192,52954,1,2,0:0:0:0:
192,192,53249,1,8,0:0:0:0:
320,192,53249,1,8,0:0:0:0:
64,192,53515,128,4,53692:0:0:0:0:
192,192,53839,1,2,0:0:0:0:
320,192,53957,1,2,0:0:0:0:
64,192,54105,1,4,0:0:0:0:
448,192,54105,1,4,0:0:0:0:
448,192,54282,128,2,54459:0:0:0:0:
64,192,54459,1,8,0:0:0:0:
192,192,54725,1,8,0:0:0:0:
448,192,54725,128,4,54932:0:0:0:0:
320,192,54725,128,4,54932:0:0:0:0:
64,192,55139,1,4,0:0:0:0:
192,192,55139,1,4,0:0:0:0:
64,192,55316,1,8,0:0:0:0:
448,192,55316,1,8,0:0:0:0:
320,192,55463,128,2,55641:0:0:0:0:
64,192,55729,128,8,56024:0:0:0:0:
448,192,55729,1,4,0:0:0:0:
448,192,55936,1,4,0:0:0:0:
448,192,56261,1,8,0:0:0:0:
64,192,56261,1,8,0:0:0:0:
320,192,56379,1,2,0:0:0:0:
448,192,56526,1,4,0:0:0:0:
192,192,56526,1,4,0:0:0:0:
64,192,56822,1,8,0:0:0:0:
320,192,56822,1,8,0:0:0:0:
192,192,57146,1,8,0:0:0:0:
320,192,57146,128,2,57294:0:0:0:0:
448,192,57294,128,8,57412:0:0:0:0:
64,192,57619,1,8,0:0:0:0:
448,192,57737,1,2,0:0:0:0:
192,192,57737,1,2,0:0:0:0:
192,192,58062,1,0,0:0:0:0:
64,192,58062,128,4,58328:0:0:0:0:
320,192,58534,1,8,0:0:0:0:
448,192,58682,128,4,58859:0:0:0:0:
64,192,58682,128,4,58859:0:0:0:0:
192,192,58977,1,8,0:0:0:0:
320,192,58977,1,8,0:0:0:0:
64,192,59125,1,2,0:0:0:0:
448,192,59125,1,2,0:0:0:0:
192,192,59272,1,4,0:0:0:0:
320,192,59272,1,4,0:0:0:0:
64,192,59509,1,8,0:0:0:0:
448,192,59509,128,4,60011:0:0:0:0:
320,192,60011,128,4,60365:0:0:0:0:
64,192,60011,1,8,0:0:0:0:
192,192,60365,128,2,60719:0:0:0:0:
448,192,60719,1,8,0:0:0:0:
192,192,61015,128,8,61251:0:0:0:0:
448,192,61015,128,8,61251:0:0:0:0:
64,192,61310,1,4,0:0:0:0:
320,192,61310,1,4,0:0:0:0:
192,192,61635,1,8,0:0:0:0:
64,192,61635,128,4,61812:0:0:0:0:
448,192,61930,128,2,62225:0:0:0:0:
192,192,61930,128,2,62225:0:0:0:0:
192,192,62402,1,8,0:0:0:0:
448,192,62550,1,2,0:0:0:0:
320,192,62550,1,4,0:0:0:0:
320,192,62727,1,4,0:0:0:0:
64,192,62845,128,8,63170:0:0:0:0:
192,192,62845,128,8,63170:0:0:0:0:
448,192,63170,1,2,0:0:0:0:
192,192,63436,1,4,0:0:0:0:
448,192,63436,1,4,0:0:0:0:
320,192,63613,1,8,0:0:0:0:
64,192,63731,128,4,63908:0:0:0:0:
448,192,63731,128,4,63908:0:0:0:0:
192,192,64056,1,2,0:0:0:0:
448,192,64056,1,2,0:0:0:0:
448,192,64292,1,8,0:0:0:0:
64,192,64292,128,4,64794:0:0:0:0:
320,192,64617,1,8,0:0:0:0:
64,192,64912,1,2,0:0:0:0:
320,192,64912,1,2,0:0:0:0:
192,192,65237,1,8,0:0:0:0:
320,192,65237,1,8,0:0:0:0:
64,192,65532,1,2,0:0:0:0:
448,192,65857,128,4,66034:0:0:0:0:
192,192,65857,1,8,0:0:0:0:
64,192,66123,128,4,66330:0:0:0:0:
448,192,66123,1,8,0:0:0:0:
320,192,66418,1,2,0:0:0:0:
64,192,66418,1,2,0:0:0:0:
192,192,66743,128,4,66920:0:0:0:0:
64,192,66743,128,4,66920:0:0:0:0:
192,192,67333,128,8,67570:0:0:0:0:
320,192,67333,128,8,67570:0:0:0:0:
320,192,67924,128,2,68426:0:0:0:0:
448,192,67924,128,2,68426:0:0:0:0:
64,192,68249,1,8,0:0:0:0:
64,192,68544,1,2,0:0:0:0:
448,192,68544,1,2,0:0:0:0:
192,192,68839,1,4,0:0:0:0:
64,192,69164,1,2,0:0:0:0:
448,192,69164,128,8,69400:0:0:0:0:
320,192,69400,128,4,69637:0:0:0:0:
192,192,69637,128,8,69991:0:0:0:0:
448,192,69725,1,2,0:0:0:0:
64,192,69991,128,4,70641:0:0:0:0:
192,192,70227,1,2,0:0:0:0:
320,192,70345,1,4,0:0:0:0:
448,192,70641,128,8,70847:0:0:0:0:
448,192,70965,1,8,0:0:0:0:
64,192,70965,1,8,0:0:0:0:
192,192,71231,1,2,0:0:0:0:
64,192,71231,128,4,71438:0:0:0:0:
64,192,71526,1,2,0:0:0:0:
448,192,71526,1,2,0:0:0:0:
448,192,71674,1,8,0:0:0:0:
192,192,71792,1,4,0:0:0:0:
192,192,71999,1,2,0:0:0:0:
64,192,72117,1,4,0:0:0:0:
320,192,72117,1,4,0:0:0:0:
320,192,72324,1,8,0:0:0:0:
192,192,72412,1,2,0:0:0:0:
448,192,72412,1,2,0:0:0:0:
320,192,72619,1,8,0:0:0:0:
192,192,72707,128,4,72973:0:0:0:0:
320,192,72973,128,2,73150:0:0:0:0:
64,192,73328,1,8,0:0:0:0:
448,192,73328,1,8,0:0:0:0:
320,192,73534,1,2,0:0:0:0:
64,192,73682,1,2,0:0:0:0:
448,192,73948,1,4,0:0:0:0:
192,192,73948,1,4,0:0:0:0:
448,192,74243,128,2,74450:0:0:0:0:
64,192,74568,1,8,0:0:0:0:
448,192,74568,1,8,0:0:0:0:
448,192,74745,1,2,0:0:0:0:
64,192,74833,128,6,75542:0:0:0:0:
192,192,74981,1,8,0:0:0:0:
448,192,75099,1,2,0:0:0:0:
320,192,75394,1,6,0:0:0:0:
64,192,75719,1,2,0:0:0:0:
320,192,75719,1,2,0:0:0:0:
192,192,75985,128,4,76221:0:0:0:0:
192,192,76339,1,8,0:0:0:0:
320,192,76339,1,8,0:0:0:0:
64,192,76487,1,2,0:0:0:0:
448,192,76635,1,2,0:0:0:0:
192,192,76782,1,8,0:0:0:0:
64,192,76930,1,4,0:0:0:0:
448,192,76930,1,4,0:0:0:0:
64,192,77225,1,8,0:0:0:0:
192,192,77225,1,8,0:0:0:0:
448,192,77550,1,2,0:0:0:0:
64,192,77816,1,2,0:0:0:0:
64,192,78111,1,4,0:0:0:0:
448,192,78111,1,4,0:0:0:0:
320,192,78465,1,8,0:0:0:0:
64,192,78465,1,8,0:0:0:0:
192,192,78731,1,4,0:0:0:0:
320,192,78731,1,4,0:0:0:0:
320,192,79056,1,2,0:0:0:0:
64,192,79322,1,8,0:0:0:0:
448,192,79322,1,8,0:0:0:0:
448,192,79587,1,4,0:0:0:0:
64,192,79824,1,2,0:0:0:0:
192,192,79942,1,2,0:0:0:0:
448,192,80207,1,8,0:0:0:0:
448,192,80532,1,4,0:0:0:0:
64,192,80532,1,4,0:0:0:0:
448,192,80739,1,2,0:0:0:0:
64,192,80887,128,8,81064:0:0:0:0:
192,192,81123,1,4,0:0:0:0:
320,192,81123,1,4,0:0:0:0:
192,192,81300,1,2,0:0:0:0:
320,192,81418,1,8,0:0:0:0:
192,192,81625,1,4,0:0:0:0:
64,192,81713,1,2,0:0:0:0:
448,192,81713,1,2,0:0:0:0:
64,192,82009,1,4,0:0:0:0:
192,192,82009,1,4,0:0:0:0:
192,192,82245,1,8,0:0:0:0:
320,192,82363,1,2,0:0:0:0:
320,192,82540,1,2,0:0:0:0:
64,192,82658,1,8,0:0:0:0:
192,192,82835,1,2,0:0:0:0:
320,192,82924,1,4,0:0:0:0:
448,192,82924,1,4,0:0:0:0:
320,192,83131,1,8,0:0:0:0:
64,192,83249,1,2,0:0:0:0:
448,192,83249,1,2,0:0:0:0:
192,192,83515,1,4,0:0:0:0:
320,192,83515,1,4,0:0:0:0:
320,192,83692,1,8,0:0:0:0:
192,192,83810,1,2,0:0:0:0:
320,192,84017,1,8,0:0:0:0:
192,192,84105,1,2,0:0:0:0:
64,192,84164,128,4,84519:0:0:0:0:
64,192,84578,1,8,0:0:0:0:
192,192,84696,1,2,0:0:0:0:
448,192,85020,1,8,0:0:0:0:
192,192,85316,1,4,0:0:0:0:
448,192,85316,1,4,0:0:0:0:
64,192,85611,1,8,0:0:0:0:
320,192,85611,128,4,86940:0:0:0:0:
64,192,85936,1,2,0:0:0:0:
448,192,85936,1,2,0:0:0:0:
64,192,86379,1,8,0:0:0:0:
192,192,86526,1,2,0:0:0:0:
448,192,86526,1,2,0:0:0:0:
64,192,86822,1,4,0:0:0:0:
448,192,87117,1,8,0:0:0:0:
64,192,87471,1,2,0:0:0:0:
448,192,87796,1,8,0:0:0:0:
64,192,88062,1,2,0:0:0:0:
448,192,88180,128,4,90070:0:0:0:0:
64,192,88298,1,8,0:0:0:0:
64,192,88948,1,2,0:0:0:0:
192,192,89420,1,4,0:0:0:0:
64,192,89538,1,8,0:0:0:0:
192,192,89804,1,2,0:0:0:0:
64,192,90129,1,8,0:0:0:0:
448,192,90129,1,0,0:0:0:0:
320,192,90424,1,4,0:0:0:0:
192,192,90719,1,8,0:0:0:0:
320,192,90719,1,8,0:0:0:0:
320,192,91015,1,8,0:0:0:0:
192,192,91339,1,4,0:0:0:0:
448,192,91339,1,4,0:0:0:0:
64,192,91635,1,8,0:0:0:0:
320,192,91635,1,8,0:0:0:0:
320,192,91753,128,4,92196:0:0:0:0:
192,192,92255,1,2,0:0:0:0:
192,192,92550,1,8,0:0:0:0:
448,192,92550,1,8,0:0:0:0:
64,192,92816,128,4,92993:0:0:0:0:
448,192,92816,1,2,0:0:0:0:
192,192,92993,128,4,94824:0:0:0:0:
320,192,93111,1,8,0:0:0:0:
448,192,93702,1,2,0:0:0:0:
448,192,94174,1,8,0:0:0:0:
320,192,94322,1,2,0:0:0:0:
64,192,94617,1,8,0:0:0:0:
192,192,94912,1,2,0:0:0:0:
448,192,94912,1,8,0:0:0:0:
64,192,95060,1,2,0:0:0:0:
192,192,95207,1,4,0:0:0:0:
320,192,95207,1,4,0:0:0:0:
320,192,95385,1,8,0:0:0:0:
64,192,95532,1,4,0:0:0:0:
320,192,95532,1,4,0:0:0:0:
320,192,95798,1,2,0:0:0:0:
192,192,96123,1,8,0:0:0:0:
448,192,96123,1,8,0:0:0:0:
192,192,96448,1,2,0:0:0:0:
64,192,96448,1,2,0:0:0:0:
448,192,96595,128,4,97038:0:0:0:0:
320,192,97038,128,4,97481:0:0:0:0:
64,192,97038,1,8,0:0:0:0:
192,192,97304,1,2,0:0:0:0:
64,192,97599,1,8,0:0:0:0:
448,192,97717,128,4,99637:0:0:0:0:
192,192,97924,1,2,0:0:0:0:
64,192,98544,1,2,0:0:0:0:
192,192,99017,1,2,0:0:0:0:
64,192,99105,1,8,0:0:0:0:
320,192,99430,1,2,0:0:0:0:
64,192,99725,1,8,0:0:0:0:
448,192,99725,1,8,0:0:0:0:
320,192,100050,1,2,0:0:0:0:
192,192,100316,1,4,0:0:0:0:
64,192,100316,128,4,100611:0:0:0:0:
448,192,100611,1,8,0:0:0:0:
320,192,100906,1,2,0:0:0:0:
64,192,100906,128,4,101172:0:0:0:0:
448,192,101172,1,8,0:0:0:0:
64,192,101320,128,4,101792:0:0:0:0:
448,192,101792,1,2,0:0:0:0:
64,192,102146,1,4,0:0:0:0:
320,192,102146,1,4,0:0:0:0:
192,192,102442,1,8,0:0:0:0:
448,192,102560,128,4,104391:0:0:0:0:
64,192,102737,1,2,0:0:0:0:
64,192,103239,1,8,0:0:0:0:
192,192,103328,1,2,0:0:0:0:
64,192,103800,1,8,0:0:0:0:
192,192,103918,1,2,0:0:0:0:
64,192,104213,1,8,0:0:0:0:
448,192,104509,1,2,0:0:0:0:
64,192,104509,1,2,0:0:0:0:
320,192,104804,1,4,0:0:0:0:
192,192,104981,1,8,0:0:0:0:
320,192,105158,1,4,0:0:0:0:
192,192,105335,1,8,0:0:0:0:
64,192,105454,1,2,0:0:0:0:
448,192,105572,1,8,0:0:0:0:
64,192,105690,1,2,0:0:0:0:
320,192,106044,1,4,0:0:0:0:
448,192,106044,1,4,0:0:0:0:
64,192,106339,1,4,0:0:0:0:
192,192,106339,1,4,0:0:0:0:
448,192,106635,1,4,0:0:0:0:
320,192,106635,1,4,0:0:0:0:
192,192,106930,1,8,0:0:0:0:
64,192,106930,128,2,107225:0:0:0:0:
448,192,107225,1,8,0:0:0:0:
64,192,107520,128,4,107993:0:0:0:0:
192,192,107520,1,2,0:0:0:0:
192,192,107993,128,4,108406:0:0:0:0:
448,192,107993,1,8,0:0:0:0:
64,192,108111,1,2,0:0:0:0:
320,192,108406,128,4,108702:0:0:0:0:
64,192,108702,1,8,0:0:0:0:
448,192,108849,1,2,0:0:0:0:
64,192,109056,1,2,0:0:0:0:
448,192,109056,1,8,0:0:0:0:
64,192,109292,128,4,109646:0:0:0:0:
192,192,109292,1,8,0:0:0:0:
192,192,109646,128,4,109824:0:0:0:0:
448,192,109646,1,2,0:0:0:0:
64,192,109942,128,4,110237:0:0:0:0:
448,192,109942,128,4,110237:0:0:0:0:
320,192,110414,1,12,0:0:0:0:
192,192,110532,1,2,0:0:0:0:
448,192,110532,1,2,0:0:0:0:
448,192,110739,1,4,0:0:0:0:
64,192,110828,1,8,0:0:0:0:
320,192,110828,1,8,0:0:0:0:
320,192,111123,1,2,0:0:0:0:
64,192,111418,1,4,0:0:0:0:
320,192,111418,1,4,0:0:0:0:
192,192,111713,1,8,0:0:0:0:
448,192,111713,128,2,111920:0:0:0:0:
448,192,112009,1,4,0:0:0:0:
64,192,112009,1,4,0:0:0:0:
320,192,112304,1,8,0:0:0:0:
64,192,112304,128,4,112776:0:0:0:0:
448,192,112776,1,2,0:0:0:0:
448,192,112894,1,4,0:0:0:0:
192,192,112894,1,4,0:0:0:0:
192,192,113190,1,8,0:0:0:0:
320,192,113190,128,2,113574:0:0:0:0:
64,192,113485,1,4,0:0:0:0:
192,192,113839,1,8,0:0:0:0:
64,192,113839,128,4,114017:0:0:0:0:
192,192,114135,1,2,0:0:0:0:
448,192,114135,128,4,114312:0:0:0:0:
192,192,114430,1,8,0:0:0:0:
64,192,114430,128,4,114666:0:0:0:0:
320,192,114725,1,2,0:0:0:0:
448,192,114725,128,4,114902:0:0:0:0:
320,192,114902,128,8,114961:0:0:0:0:
320,192,115198,1,4,0:0:0:0:
64,192,115345,1,2,0:0:0:0:
448,192,115345,1,8,0:0:0:0:
448,192,115611,1,8,0:0:0:0:
192,192,115611,128,4,115906:0:0:0:0:
192,192,116202,1,2,0:0:0:0:
64,192,116202,128,4,116438:0:0:0:0:
448,192,116497,1,2,0:0:0:0:
320,192,116497,128,8,116792:0:0:0:0:
64,192,116792,1,4,0:0:0:0:
448,192,116851,128,8,116969:0:0:0:0:
448,192,117087,128,2,117619:0:0:0:0:
64,192,117087,1,4,0:0:0:0:
320,192,117619,128,8,117973:0:0:0:0:
448,192,117737,1,2,0:0:0:0:
192,192,117973,128,4,118269:0:0:0:0:
64,192,118269,1,8,0:0:0:0:
448,192,118387,1,4,0:0:0:0:
192,192,118564,1,8,0:0:0:0:
192,192,118918,1,2,0:0:0:0:
64,192,118918,1,4,0:0:0:0:
64,192,119213,1,8,0:0:0:0:
320,192,119213,1,8,0:0:0:0:
320,192,119509,1,2,0:0:0:0:
448,192,119509,128,4,119922:0:0:0:0:
192,192,120099,1,8,0:0:0:0:
448,192,120306,1,2,0:0:0:0:
320,192,120454,1,4,0:0:0:0:
64,192,120454,128,4,120837:0:0:0:0:
64,192,120985,1,4,0:0:0:0:
320,192,120985,1,4,0:0:0:0:
320,192,121221,1,8,0:0:0:0:
192,192,121339,1,4,0:0:0:0:
448,192,121339,1,4,0:0:0:0:
448,192,121517,1,2,0:0:0:0:
64,192,121635,1,8,0:0:0:0:
320,192,121635,1,8,0:0:0:0:
448,192,121930,128,4,122343:0:0:0:0:
64,192,121930,128,4,122343:0:0:0:0:
192,192,122520,1,8,0:0:0:0:
320,192,122520,1,8,0:0:0:0:
448,192,122698,1,2,0:0:0:0:
192,192,122816,1,4,0:0:0:0:
64,192,122816,1,4,0:0:0:0:
64,192,122993,1,2,0:0:0:0:
192,192,123111,1,8,0:0:0:0:
448,192,123406,128,4,123643:0:0:0:0:
320,192,123702,1,8,0:0:0:0:
64,192,123702,128,4,124026:0:0:0:0:
448,192,124026,128,4,124174:0:0:0:0:
320,192,124351,128,2,124587:0:0:0:0:
448,192,124351,128,2,124587:0:0:0:0:
64,192,124351,1,2,0:0:0:0:
192,192,124587,1,8,0:0:0:0:
192,192,124942,128,8,125207:0:0:0:0:
320,192,124942,128,2,125207:0:0:0:0:
448,192,124942,1,4,0:0:0:0:
64,192,125207,1,4,0:0:0:0:
192,192,125473,128,4,126005:0:0:0:0:
64,192,125473,128,4,126005:0:0:0:0:
320,192,125769,1,8,0:0:0:0:
64,192,126123,128,2,126241:0:0:0:0:
448,192,126123,128,8,126359:0:0:0:0:
192,192,126418,1,4,0:0:0:0:
64,192,126713,128,2,127245:0:0:0:0:
192,192,127245,128,2,127717:0:0:0:0:
320,192,127717,128,2,127894:0:0:0:0:
192,192,127894,128,4,128249:0:0:0:0:
320,192,128249,128,8,128780:0:0:0:0:
448,192,128780,128,2,129076:0:0:0:0:
320,192,129076,128,4,129371:0:0:0:0:
192,192,129371,128,4,129961:0:0:0:0:
320,192,129607,1,8,0:0:0:0:
448,192,129725,1,8,0:0:0:0:
320,192,129961,128,4,130611:0:0:0:0:
64,192,130020,1,2,0:0:0:0:
448,192,130611,128,8,130906:0:0:0:0:
320,192,130906,128,2,131615:0:0:0:0:
192,192,131261,128,4,131497:0:0:0:0:
64,192,131497,128,8,132087:0:0:0:0:
192,192,132087,128,4,132560:0:0:0:0:
320,192,132560,128,8,132678:0:0:0:0:
448,192,132678,128,2,133032:0:0:0:0:
320,192,133032,128,4,133623:0:0:0:0:
192,192,133623,128,8,133918:0:0:0:0:
320,192,133918,128,2,134213:0:0:0:0:
192,192,134213,128,4,134450:0:0:0:0:
64,192,134450,128,2,134804:0:0:0:0:
192,192,134804,128,8,135394:0:0:0:0:
320,192,135394,128,4,135690:0:0:0:0:
192,192,135690,128,4,135985:0:0:0:0:
320,192,135985,128,8,136398:0:0:0:0:
192,192,136339,128,2,136871:0:0:0:0:
320,192,136871,128,4,137343:0:0:0:0:
192,192,137343,128,8,137461:0:0:0:0:
320,192,137461,128,2,137875:0:0:0:0:
192,192,137875,128,4,138406:0:0:0:0:
64,192,138347,128,2,138702:0:0:0:0:
192,192,138702,128,4,139056:0:0:0:0:
320,192,139056,128,8,139233:0:0:0:0:
448,192,139233,128,2,139587:0:0:0:0:
320,192,139587,128,2,140473:0:0:0:0:
192,192,140473,128,4,140650:0:0:0:0:
64,192,140650,128,8,141713:0:0:0:0:
192,192,141713,128,2,142245:0:0:0:0:
64,192,142127,1,8,0:0:0:0:
320,192,142245,128,4,142658:0:0:0:0:
192,192,142658,128,2,143190:0:0:0:0:
64,192,143190,128,8,143544:0:0:0:0:
192,192,143544,128,4,143721:0:0:0:0:
64,192,143780,128,2,144076:0:0:0:0:
448,192,143780,128,2,144076:0:0:0:0:
192,192,144076,128,8,144666:0:0:0:0:
320,192,144076,128,8,144666:0:0:0:0:
64,192,144666,128,4,145257:0:0:0:0:
448,192,144666,128,4,145257:0:0:0:0:
192,192,145257,128,8,148269:0:0:0:0:
320,192,145257,128,8,148269:0:0:0:0:
64,192,148328,1,2,0:0:0:0:
448,192,148328,128,8,148800:0:0:0:0:
320,192,148800,128,4,149213:0:0:0:0:
64,192,148800,1,2,0:0:0:0:
448,192,148918,1,8,0:0:0:0:
448,192,149213,128,4,149450:0:0:0:0:
64,192,149450,1,8,0:0:0:0:
448,192,149627,1,2,0:0:0:0:
192,192,149804,1,4,0:0:0:0:
448,192,149804,1,4,0:0:0:0:
64,192,149952,1,8,0:0:0:0:
64,192,150099,1,2,0:0:0:0:
320,192,150099,1,2,0:0:0:0:
448,192,150247,1,4,0:0:0:0:
192,192,150394,1,8,0:0:0:0:
448,192,150394,1,8,0:0:0:0:
64,192,150719,128,4,151221:0:0:0:0:
320,192,150719,1,2,0:0:0:0:
448,192,151221,1,2,0:0:0:0:
192,192,151221,128,8,151546:0:0:0:0:
64,192,151339,1,2,0:0:0:0:
320,192,151546,128,4,152107:0:0:0:0:
64,192,152225,1,8,0:0:0:0:
448,192,152225,1,8,0:0:0:0:
64,192,152520,1,4,0:0:0:0:
320,192,152520,128,2,152757:0:0:0:0:
192,192,152875,1,8,0:0:0:0:
320,192,153111,1,2,0:0:0:0:
64,192,153111,128,2,153465:0:0:0:0:
448,192,153465,1,8,0:0:0:0:
320,192,153583,128,4,154056:0:0:0:0:
192,192,153702,1,2,0:0:0:0:
448,192,153702,1,2,0:0:0:0:
64,192,154056,1,4,0:0:0:0:
448,192,154056,128,8,154469:0:0:0:0:
64,192,154646,1,2,0:0:0:0:
448,192,154646,1,2,0:0:0:0:
64,192,154794,1,4,0:0:0:0:
320,192,154942,1,8,0:0:0:0:
192,192,154942,1,8,0:0:0:0:
320,192,155089,1,4,0:0:0:0:
192,192,155237,1,2,0:0:0:0:
448,192,155237,128,4,155414:0:0:0:0:
64,192,155532,128,4,155769:0:0:0:0:
320,192,155532,1,8,0:0:0:0:
448,192,155769,1,2,0:0:0:0:
192,192,156005,1,4,0:0:0:0:
448,192,156005,1,4,0:0:0:0:
320,192,156123,1,8,0:0:0:0:
64,192,156123,128,2,156300:0:0:0:0:
192,192,156359,1,4,0:0:0:0:
448,192,156359,128,8,156654:0:0:0:0:
192,192,156831,1,2,0:0:0:0:
320,192,157009,1,8,0:0:0:0:
64,192,157009,128,4,157304:0:0:0:0:
192,192,157304,128,4,157599:0:0:0:0:
448,192,157304,1,2,0:0:0:0:
320,192,157658,1,2,0:0:0:0:
64,192,157894,1,2,0:0:0:0:
448,192,157894,128,8,158426:0:0:0:0:
192,192,158190,1,4,0:0:0:0:
320,192,158426,128,8,158780:0:0:0:0:
64,192,158426,1,4,0:0:0:0:
448,192,158485,1,2,0:0:0:0:
192,192,158780,128,4,159253:0:0:0:0:
448,192,159135,1,8,0:0:0:0:
192,192,159430,1,2,0:0:0:0:
448,192,159430,128,4,159725:0:0:0:0:
320,192,159725,128,8,160020:0:0:0:0:
64,192,160020,128,2,160316:0:0:0:0:
448,192,160316,128,4,160611:0:0:0:0:
320,192,160611,1,8,0:0:0:0:
192,192,160788,1,8,0:0:0:0:
64,192,160906,1,4,0:0:0:0:
320,192,160906,1,4,0:0:0:0:
192,192,161202,1,4,0:0:0:0:
320,192,161202,128,8,161438:0:0:0:0:
192,192,161556,1,2,0:0:0:0:
192,192,161792,1,4,0:0:0:0:
448,192,161792,1,4,0:0:0:0:
64,192,162087,1,8,0:0:0:0:
448,192,162087,1,8,0:0:0:0:
320,192,162442,1,2,0:0:0:0:
64,192,162442,1,2,0:0:0:0:
192,192,162678,128,4,163150:0:0:0:0:
448,192,162678,128,4,163150:0:0:0:0:
448,192,163239,1,8,0:0:0:0:
320,192,163328,1,2,0:0:0:0:
64,192,163328,1,2,0:0:0:0:
320,192,163623,1,4,0:0:0:0:
448,192,163623,1,4,0:0:0:0:
448,192,163830,1,8,0:0:0:0:
64,192,163977,1,2,0:0:0:0:
320,192,164272,1,4,0:0:0:0:
64,192,164272,1,4,0:0:0:0:
192,192,164509,1,2,0:0:0:0:
448,192,164509,1,2,0:0:0:0:
320,192,164804,1,8,0:0:0:0:
64,192,164804,1,8,0:0:0:0:
448,192,165099,128,4,165690:0:0:0:0:
64,192,165099,1,4,0:0:0:0:
192,192,165394,1,2,0:0:0:0:
320,192,165690,128,8,166280:0:0:0:0:
64,192,165690,1,8,0:0:0:0:
448,192,165985,1,2,0:0:0:0:
192,192,166280,128,4,166812:0:0:0:0:
64,192,166635,1,8,0:0:0:0:
64,192,166930,1,2,0:0:0:0:
448,192,166930,1,2,0:0:0:0:
448,192,167225,1,4,0:0:0:0:
320,192,167520,128,8,173839:0:0:0:0:
64,192,167520,128,8,173839:0:0:0:0:
192,192,168111,1,2,0:0:0:0:
448,192,168406,1,8,0:0:0:0:
192,192,168702,1,2,0:0:0:0:
448,192,168997,1,8,0:0:0:0:
192,192,169351,1,2,0:0:0:0:
448,192,169587,1,8,0:0:0:0:
192,192,169883,1,2,0:0:0:0:
448,192,170178,1,8,0:0:0:0:
192,192,170532,1,2,0:0:0:0:
448,192,170828,1,8,0:0:0:0:
192,192,171123,1,2,0:0:0:0:
448,192,171418,1,8,0:0:0:0:
192,192,171743,1,2,0:0:0:0:
448,192,172009,1,8,0:0:0:0:
192,192,172333,128,4,173839:0:0:0:0:
448,192,172599,1,8,0:0:0:0:
448,192,172894,1,8,0:0:0:0:
448,192,173190,1,8,0:0:0:0:
448,192,173839,1,2,0:0:0:0:
64,192,174135,1,4,0:0:0:0:
448,192,174135,1,4,0:0:0:0:
64,192,174430,1,8,0:0:0:0:
320,192,174430,1,8,0:0:0:0:
448,192,174725,128,2,175139:0:0:0:0:
320,192,174725,128,2,175139:0:0:0:0:
192,192,175316,128,4,175670:0:0:0:0:
320,192,175316,128,4,175670:0:0:0:0:
64,192,175847,128,8,176379:0:0:0:0:
192,192,175847,128,8,176379:0:0:0:0:
64,192,176497,1,2,0:0:0:0:
448,192,176497,1,2,0:0:0:0:
64,192,176851,1,4,0:0:0:0:
448,192,176851,1,8,0:0:0:0:
192,192,177028,1,2,0:0:0:0:
448,192,177146,1,4,0:0:0:0:
64,192,177146,1,4,0:0:0:0:
64,192,177442,1,2,0:0:0:0:
320,192,177442,128,8,177589:0:0:0:0:
192,192,177707,1,2,0:0:0:0:
448,192,177707,128,8,177855:0:0:0:0:
448,192,178003,1,4,0:0:0:0:
64,192,178003,1,4,0:0:0:0:
192,192,178209,1,8,0:0:0:0:
320,192,178328,128,2,178505:0:0:0:0:
448,192,178623,1,4,0:0:0:0:
64,192,178623,1,4,0:0:0:0:
64,192,178918,1,12,0:0:0:0:
320,192,178918,1,8,0:0:0:0:
448,192,179213,1,2,0:0:0:0:
192,192,179213,128,4,179391:0:0:0:0:
64,192,179509,1,8,0:0:0:0:
192,192,179509,1,8,0:0:0:0:
192,192,179804,1,4,0:0:0:0:
448,192,179804,1,4,0:0:0:0:
64,192,179981,1,2,0:0:0:0:
320,192,180099,1,8,0:0:0:0:
448,192,180099,128,4,180247:0:0:0:0:
64,192,180394,1,2,0:0:0:0:
320,192,180394,1,2,0:0:0:0:
320,192,180631,1,8,0:0:0:0:
64,192,180690,128,4,180867:0:0:0:0:
192,192,181044,1,2,0:0:0:0:
448,192,181044,1,2,0:0:0:0:
64,192,181280,1,8,0:0:0:0:
320,192,181280,128,4,181457:0:0:0:0:
192,192,181635,1,8,0:0:0:0:
448,192,181635,128,4,181782:0:0:0:0:
448,192,181930,1,8,0:0:0:0:
64,192,181930,128,2,182137:0:0:0:0:
192,192,182225,1,4,0:0:0:0:
192,192,182520,1,8,0:0:0:0:
448,192,182520,1,8,0:0:0:0:
320,192,182816,1,2,0:0:0:0:
64,192,182816,1,2,0:0:0:0:
64,192,183111,1,4,0:0:0:0:
448,192,183111,1,4,0:0:0:0:
320,192,183406,128,8,183583:0:0:0:0:
64,192,183406,1,2,0:0:0:0:
320,192,183702,128,2,183879:0:0:0:0:
448,192,183702,128,2,183879:0:0:0:0:
64,192,183997,128,4,184115:0:0:0:0:
320,192,184292,128,8,184883:0:0:0:0:
448,192,184292,1,2,0:0:0:0:
192,192,184587,1,4,0:0:0:0:
192,192,184883,128,8,185473:0:0:0:0:
64,192,184883,1,2,0:0:0:0:
448,192,185178,1,4,0:0:0:0:
320,192,185473,128,4,186950:0:0:0:0:
192,192,185828,1,2,0:0:0:0:
64,192,186123,1,8,0:0:0:0:
448,192,186123,1,8,0:0:0:0:
192,192,186418,1,2,0:0:0:0:
64,192,186418,1,2,0:0:0:0:
