osu file format v14

[General]
AudioFilename: audio.mp3
AudioLeadIn: 0
PreviewTime: -1
Countdown: 0
SampleSet: Normal
StackLeniency: 0.7
Mode: 3
LetterboxInBreaks: 0
SpecialStyle: 0
WidescreenStoryboard: 0

[Editor]
DistanceSpacing: 2
BeatDivisor: 16
GridSize: 16
TimelineZoom: 1

[Metadata]
Title:Turkish March
TitleUnicode:Turkish March
Artist:Mozart
ArtistUnicode:Mozart
Creator:Nicolas0302Game
Version:Expert
Source:
Tags:Classical Music
BeatmapID:4242911
BeatmapSetID:2035069

[Difficulty]
HPDrainRate:5
CircleSize:4
OverallDifficulty:5
ApproachRate:5
SliderMultiplier:2
SliderTickRate:1

[Events]
//Background and Video events
0,0,"descarga.jpeg",0,0
//Break Periods
//Storyboard Layer 0 (Background)
//Storyboard Layer 1 (Fail)
//Storyboard Layer 2 (Pass)
//Storyboard Layer 3 (Foreground)
//Storyboard Layer 4 (Overlay)
//Storyboard Sound Samples

[TimingPoints]
0,480,4,1,0,100,1,0


[HitObjects]
320,192,5130,5,0,0:0:0:0:
448,192,5250,1,0,0:0:0:0:
320,192,5370,1,0,0:0:0:0:
64,192,5490,1,0,0:0:0:0:
448,192,5610,1,0,0:0:0:0:
192,192,5610,1,0,0:0:0:0:
192,192,6090,1,0,0:0:0:0:
448,192,6180,1,0,0:0:0:0:
64,192,6270,1,0,0:0:0:0:
320,192,6390,1,0,0:0:0:0:
192,192,6570,1,0,0:0:0:0:
320,192,6570,1,0,0:0:0:0:
448,192,6570,1,0,0:0:0:0:
192,192,7080,1,0,0:0:0:0:
320,192,7200,1,0,0:0:0:0:
448,192,7350,1,0,0:0:0:0:
320,192,7380,1,0,0:0:0:0:
192,192,7410,1,0,0:0:0:0:
320,192,7650,1,0,0:0:0:0:
192,192,7740,1,0,0:0:0:0:
448,192,7830,1,0,0:0:0:0:
64,192,7890,1,0,0:0:0:0:
192,192,8040,1,0,0:0:0:0:
320,192,8070,1,0,0:0:0:0:
320,192,8250,1,0,0:0:0:0:
448,192,8310,1,0,0:0:0:0:
64,192,8430,1,0,0:0:0:0:
320,192,8580,1,0,0:0:0:0:
192,192,9090,1,0,0:0:0:0:
320,192,9330,1,0,0:0:0:0:
448,192,9570,1,0,0:0:0:0:
320,192,9570,1,0,0:0:0:0:
192,192,9570,1,0,0:0:0:0:
320,192,9810,1,0,0:0:0:0:
192,192,10050,1,0,0:0:0:0:
64,192,10290,1,0,0:0:0:0:
320,192,10560,1,0,0:0:0:0:
192,192,10560,1,0,0:0:0:0:
448,192,10560,1,0,0:0:0:0:
192,192,10830,1,0,0:0:0:0:
448,192,10830,1,0,0:0:0:0:
320,192,11040,1,0,0:0:0:0:
64,192,11280,1,0,0:0:0:0:
192,192,11490,1,0,0:0:0:0:
448,192,11490,1,0,0:0:0:0:
320,192,11490,1,0,0:0:0:0:
320,192,11790,1,0,0:0:0:0:
64,192,11790,1,0,0:0:0:0:
192,192,12060,1,0,0:0:0:0:
448,192,12060,1,0,0:0:0:0:
320,192,12240,1,0,0:0:0:0:
64,192,12240,1,0,0:0:0:0:
192,192,12510,1,0,0:0:0:0:
64,192,12510,1,0,0:0:0:0:
320,192,12510,1,0,0:0:0:0:
448,192,12510,1,0,0:0:0:0:
64,192,13080,1,0,0:0:0:0:
192,192,13170,1,0,0:0:0:0:
320,192,13290,1,0,0:0:0:0:
192,192,13410,1,0,0:0:0:0:
64,192,13530,1,0,0:0:0:0:
64,192,14010,1,0,0:0:0:0:
192,192,14100,1,0,0:0:0:0:
320,192,14220,1,0,0:0:0:0:
192,192,14370,1,0,0:0:0:0:
64,192,14460,1,0,0:0:0:0:
320,192,14970,1,0,0:0:0:0:
448,192,15090,1,0,0:0:0:0:
192,192,15210,1,0,0:0:0:0:
320,192,15300,1,0,0:0:0:0:
64,192,15450,1,0,0:0:0:0:
192,192,15570,1,0,0:0:0:0:
320,192,15660,1,0,0:0:0:0:
448,192,15780,1,0,0:0:0:0:
192,192,15900,1,0,0:0:0:0:
64,192,16050,1,0,0:0:0:0:
192,192,16140,1,0,0:0:0:0:
320,192,16260,1,0,0:0:0:0:
448,192,16350,1,0,0:0:0:0:
64,192,16860,1,0,0:0:0:0:
192,192,17100,1,0,0:0:0:0:
192,192,17310,1,0,0:0:0:0:
320,192,17310,1,0,0:0:0:0:
448,192,17310,1,0,0:0:0:0:
320,192,17580,1,0,0:0:0:0:
192,192,17820,1,0,0:0:0:0:
64,192,18060,1,0,0:0:0:0:
448,192,18330,1,0,0:0:0:0:
192,192,18330,1,0,0:0:0:0:
320,192,18330,1,0,0:0:0:0:
448,192,18600,1,0,0:0:0:0:
192,192,18600,1,0,0:0:0:0:
320,192,18810,1,0,0:0:0:0:
64,192,19050,1,0,0:0:0:0:
320,192,19260,1,0,0:0:0:0:
448,192,19260,1,0,0:0:0:0:
192,192,19260,1,0,0:0:0:0:
64,192,19560,1,0,0:0:0:0:
320,192,19560,1,0,0:0:0:0:
192,192,19800,1,0,0:0:0:0:
448,192,19800,1,0,0:0:0:0:
64,192,20010,1,0,0:0:0:0:
320,192,20010,1,0,0:0:0:0:
320,192,20280,1,0,0:0:0:0:
448,192,20280,1,0,0:0:0:0:
192,192,20280,1,0,0:0:0:0:
64,192,20280,1,0,0:0:0:0:
64,192,20820,1,0,0:0:0:0:
320,192,20820,1,0,0:0:0:0:
192,192,21030,1,0,0:0:0:0:
448,192,21030,1,0,0:0:0:0:
320,192,21240,1,0,0:0:0:0:
64,192,21240,1,0,0:0:0:0:
320,192,21480,1,0,0:0:0:0:
64,192,21480,1,0,0:0:0:0:
448,192,21780,1,0,0:0:0:0:
320,192,21900,1,0,0:0:0:0:
448,192,21990,1,0,0:0:0:0:
192,192,22290,1,0,0:0:0:0:
320,192,22290,1,0,0:0:0:0:
320,192,22530,1,0,0:0:0:0:
64,192,22530,1,0,0:0:0:0:
448,192,22770,1,0,0:0:0:0:
192,192,22980,1,0,0:0:0:0:
448,192,22980,1,0,0:0:0:0:
64,192,23220,1,0,0:0:0:0:
320,192,23220,1,0,0:0:0:0:
64,192,23430,1,0,0:0:0:0:
320,192,23460,1,0,0:0:0:0:
192,192,23730,1,0,0:0:0:0:
448,192,23730,1,0,0:0:0:0:
64,192,23880,1,0,0:0:0:0:
320,192,23970,1,0,0:0:0:0:
64,192,24090,1,0,0:0:0:0:
192,192,24210,1,0,0:0:0:0:
320,192,24450,1,0,0:0:0:0:
448,192,24750,1,0,0:0:0:0:
192,192,24750,1,0,0:0:0:0:
64,192,24960,1,0,0:0:0:0:
320,192,24960,1,0,0:0:0:0:
64,192,25200,1,0,0:0:0:0:
448,192,25200,1,0,0:0:0:0:
320,192,25470,1,0,0:0:0:0:
192,192,25470,1,0,0:0:0:0:
64,192,25680,1,0,0:0:0:0:
320,192,25830,1,0,0:0:0:0:
448,192,25950,1,0,0:0:0:0:
64,192,26160,1,0,0:0:0:0:
192,192,26160,1,0,0:0:0:0:
320,192,26160,1,0,0:0:0:0:
320,192,26460,1,0,0:0:0:0:
448,192,26670,1,0,0:0:0:0:
192,192,26670,1,0,0:0:0:0:
64,192,26910,1,0,0:0:0:0:
320,192,26910,1,0,0:0:0:0:
64,192,27180,1,0,0:0:0:0:
320,192,27180,1,0,0:0:0:0:
320,192,27390,1,0,0:0:0:0:
192,192,27390,1,0,0:0:0:0:
320,192,27600,1,0,0:0:0:0:
192,192,27750,1,0,0:0:0:0:
64,192,27870,1,0,0:0:0:0:
448,192,27960,1,0,0:0:0:0:
192,192,28110,1,0,0:0:0:0:
320,192,28680,5,0,0:0:0:0:
448,192,28800,1,0,0:0:0:0:
320,192,28920,1,0,0:0:0:0:
64,192,29040,1,0,0:0:0:0:
448,192,29160,1,0,0:0:0:0:
192,192,29160,1,0,0:0:0:0:
192,192,29640,1,0,0:0:0:0:
448,192,29730,1,0,0:0:0:0:
64,192,29820,1,0,0:0:0:0:
320,192,29940,1,0,0:0:0:0:
192,192,30120,1,0,0:0:0:0:
320,192,30120,1,0,0:0:0:0:
448,192,30120,1,0,0:0:0:0:
192,192,30630,1,0,0:0:0:0:
320,192,30720,1,0,0:0:0:0:
448,192,30840,1,0,0:0:0:0:
64,192,30930,1,0,0:0:0:0:
320,192,31110,1,0,0:0:0:0:
192,192,31110,1,0,0:0:0:0:
64,192,31230,1,0,0:0:0:0:
448,192,31380,1,0,0:0:0:0:
64,192,31380,1,0,0:0:0:0:
192,192,31500,1,0,0:0:0:0:
320,192,31590,1,0,0:0:0:0:
192,192,31710,1,0,0:0:0:0:
448,192,31800,1,0,0:0:0:0:
64,192,31800,1,0,0:0:0:0:
320,192,31950,1,0,0:0:0:0:
448,192,32100,1,0,0:0:0:0:
320,192,32520,1,0,0:0:0:0:
192,192,32760,1,0,0:0:0:0:
448,192,33000,1,0,0:0:0:0:
64,192,33240,1,0,0:0:0:0:
320,192,33480,1,0,0:0:0:0:
64,192,33690,1,0,0:0:0:0:
448,192,33960,1,0,0:0:0:0:
320,192,34200,1,0,0:0:0:0:
192,192,34470,1,0,0:0:0:0:
320,192,34710,1,0,0:0:0:0:
64,192,34920,1,0,0:0:0:0:
192,192,35010,1,0,0:0:0:0:
320,192,35190,1,0,0:0:0:0:
192,192,35340,1,0,0:0:0:0:
448,192,35460,1,0,0:0:0:0:
320,192,35520,1,0,0:0:0:0:
448,192,35610,1,0,0:0:0:0:
320,192,35730,1,0,0:0:0:0:
448,192,35820,1,0,0:0:0:0:
320,192,35940,1,0,0:0:0:0:
448,192,36480,1,0,0:0:0:0:
192,192,36480,1,0,0:0:0:0:
320,192,36720,1,0,0:0:0:0:
64,192,36720,1,0,0:0:0:0:
448,192,36990,1,0,0:0:0:0:
320,192,36990,1,0,0:0:0:0:
448,192,37470,1,0,0:0:0:0:
192,192,37470,1,0,0:0:0:0:
320,192,37710,1,0,0:0:0:0:
64,192,37710,1,0,0:0:0:0:
448,192,37980,1,0,0:0:0:0:
320,192,37980,1,0,0:0:0:0:
64,192,38160,1,0,0:0:0:0:
320,192,38160,1,0,0:0:0:0:
320,192,38400,1,0,0:0:0:0:
64,192,38400,1,0,0:0:0:0:
64,192,38640,1,0,0:0:0:0:
448,192,38640,1,0,0:0:0:0:
448,192,38910,1,0,0:0:0:0:
192,192,38910,1,0,0:0:0:0:
192,192,39120,1,0,0:0:0:0:
64,192,39120,1,0,0:0:0:0:
448,192,39360,1,0,0:0:0:0:
192,192,39360,1,0,0:0:0:0:
64,192,39540,1,0,0:0:0:0:
448,192,39540,1,0,0:0:0:0:
320,192,39810,1,0,0:0:0:0:
64,192,39810,1,0,0:0:0:0:
192,192,40050,1,0,0:0:0:0:
448,192,40050,1,0,0:0:0:0:
192,192,40350,1,0,0:0:0:0:
64,192,40590,1,0,0:0:0:0:
320,192,40590,1,0,0:0:0:0:
320,192,40800,1,0,0:0:0:0:
448,192,40800,1,0,0:0:0:0:
192,192,40800,1,0,0:0:0:0:
192,192,41280,1,0,0:0:0:0:
448,192,41280,1,0,0:0:0:0:
320,192,41490,1,0,0:0:0:0:
64,192,41490,1,0,0:0:0:0:
192,192,41730,1,0,0:0:0:0:
448,192,41730,1,0,0:0:0:0:
320,192,41970,1,0,0:0:0:0:
64,192,41970,1,0,0:0:0:0:
320,192,42210,1,0,0:0:0:0:
64,192,42210,1,0,0:0:0:0:
448,192,42450,1,0,0:0:0:0:
64,192,42450,1,0,0:0:0:0:
192,192,42660,1,0,0:0:0:0:
448,192,42660,1,0,0:0:0:0:
192,192,42930,1,0,0:0:0:0:
64,192,42930,1,0,0:0:0:0:
192,192,43170,1,0,0:0:0:0:
448,192,43170,1,0,0:0:0:0:
64,192,43350,1,0,0:0:0:0:
448,192,43350,1,0,0:0:0:0:
320,192,43620,1,0,0:0:0:0:
64,192,43620,1,0,0:0:0:0:
448,192,44070,1,0,0:0:0:0:
192,192,44070,1,0,0:0:0:0:
320,192,44310,1,0,0:0:0:0:
64,192,44310,1,0,0:0:0:0:
448,192,44580,1,0,0:0:0:0:
320,192,44580,1,0,0:0:0:0:
448,192,45060,1,0,0:0:0:0:
192,192,45060,1,0,0:0:0:0:
320,192,45300,1,0,0:0:0:0:
64,192,45300,1,0,0:0:0:0:
448,192,45570,1,0,0:0:0:0:
320,192,45570,1,0,0:0:0:0:
64,192,45750,1,0,0:0:0:0:
320,192,45750,1,0,0:0:0:0:
320,192,45990,1,0,0:0:0:0:
64,192,45990,1,0,0:0:0:0:
64,192,46230,1,0,0:0:0:0:
448,192,46230,1,0,0:0:0:0:
448,192,46500,1,0,0:0:0:0:
192,192,46500,1,0,0:0:0:0:
192,192,46710,1,0,0:0:0:0:
64,192,46710,1,0,0:0:0:0:
448,192,46950,1,0,0:0:0:0:
192,192,46950,1,0,0:0:0:0:
64,192,47130,1,0,0:0:0:0:
448,192,47130,1,0,0:0:0:0:
320,192,47400,1,0,0:0:0:0:
64,192,47400,1,0,0:0:0:0:
192,192,47640,1,0,0:0:0:0:
448,192,47640,1,0,0:0:0:0:
192,192,47940,1,0,0:0:0:0:
64,192,48180,1,0,0:0:0:0:
320,192,48180,1,0,0:0:0:0:
320,192,48390,1,0,0:0:0:0:
448,192,48390,1,0,0:0:0:0:
192,192,48390,1,0,0:0:0:0:
192,192,48870,1,0,0:0:0:0:
448,192,48870,1,0,0:0:0:0:
320,192,49080,1,0,0:0:0:0:
64,192,49080,1,0,0:0:0:0:
192,192,49320,1,0,0:0:0:0:
448,192,49320,1,0,0:0:0:0:
320,192,49560,1,0,0:0:0:0:
64,192,49560,1,0,0:0:0:0:
320,192,49800,1,0,0:0:0:0:
64,192,49800,1,0,0:0:0:0:
448,192,50040,1,0,0:0:0:0:
64,192,50040,1,0,0:0:0:0:
192,192,50250,1,0,0:0:0:0:
448,192,50250,1,0,0:0:0:0:
192,192,50520,1,0,0:0:0:0:
64,192,50520,1,0,0:0:0:0:
192,192,50760,1,0,0:0:0:0:
448,192,50760,1,0,0:0:0:0:
64,192,50940,1,0,0:0:0:0:
448,192,50940,1,0,0:0:0:0:
320,192,51210,1,0,0:0:0:0:
64,192,51210,1,0,0:0:0:0:
192,192,51630,1,0,0:0:0:0:
320,192,51720,1,0,0:0:0:0:
448,192,51810,1,0,0:0:0:0:
192,192,51930,1,0,0:0:0:0:
64,192,52050,1,0,0:0:0:0:
192,192,52170,1,0,0:0:0:0:
320,192,52290,1,0,0:0:0:0:
448,192,52410,1,0,0:0:0:0:
192,192,52500,1,0,0:0:0:0:
320,192,52650,1,0,0:0:0:0:
64,192,52770,1,0,0:0:0:0:
192,192,52860,1,0,0:0:0:0:
448,192,53010,1,0,0:0:0:0:
320,192,53100,1,0,0:0:0:0:
64,192,53220,1,0,0:0:0:0:
192,192,53340,1,0,0:0:0:0:
320,192,53430,1,0,0:0:0:0:
448,192,53550,1,0,0:0:0:0:
320,192,53640,1,0,0:0:0:0:
192,192,53790,1,0,0:0:0:0:
448,192,53910,1,0,0:0:0:0:
192,192,54030,1,0,0:0:0:0:
320,192,54090,1,0,0:0:0:0:
64,192,54210,1,0,0:0:0:0:
448,192,54330,1,0,0:0:0:0:
192,192,54480,1,0,0:0:0:0:
448,192,54570,1,0,0:0:0:0:
320,192,54690,1,0,0:0:0:0:
64,192,54810,1,0,0:0:0:0:
192,192,54900,1,0,0:0:0:0:
320,192,55020,1,0,0:0:0:0:
192,192,55140,1,0,0:0:0:0:
448,192,55260,1,0,0:0:0:0:
320,192,55380,1,0,0:0:0:0:
64,192,55470,1,0,0:0:0:0:
192,192,55590,1,0,0:0:0:0:
320,192,55710,1,0,0:0:0:0:
448,192,55800,1,0,0:0:0:0:
192,192,55920,1,0,0:0:0:0:
320,192,56040,1,0,0:0:0:0:
192,192,56160,1,0,0:0:0:0:
64,192,56280,1,0,0:0:0:0:
192,192,56400,1,0,0:0:0:0:
320,192,56520,1,0,0:0:0:0:
448,192,56640,1,0,0:0:0:0:
192,192,56730,1,0,0:0:0:0:
320,192,56880,1,0,0:0:0:0:
64,192,56940,1,0,0:0:0:0:
192,192,57060,1,0,0:0:0:0:
64,192,57210,1,0,0:0:0:0:
448,192,57270,1,0,0:0:0:0:
320,192,57420,1,0,0:0:0:0:
192,192,57510,1,0,0:0:0:0:
64,192,57630,1,0,0:0:0:0:
192,192,57720,1,0,0:0:0:0:
448,192,57810,1,0,0:0:0:0:
192,192,57960,1,0,0:0:0:0:
320,192,58050,1,0,0:0:0:0:
64,192,58170,1,0,0:0:0:0:
448,192,58260,1,0,0:0:0:0:
64,192,58560,128,0,58830:0:0:0:0:
192,192,58560,128,0,58830:0:0:0:0:
320,192,58560,128,0,58830:0:0:0:0:
448,192,58560,128,0,58830:0:0:0:0:
64,192,59070,1,0,0:0:0:0:
192,192,59130,1,0,0:0:0:0:
320,192,59220,1,0,0:0:0:0:
192,192,59340,1,0,0:0:0:0:
64,192,59460,1,0,0:0:0:0:
448,192,59550,1,0,0:0:0:0:
320,192,59700,1,0,0:0:0:0:
448,192,59820,1,0,0:0:0:0:
192,192,59940,1,0,0:0:0:0:
64,192,60030,1,0,0:0:0:0:
320,192,60150,1,0,0:0:0:0:
192,192,60240,1,0,0:0:0:0:
448,192,60390,1,0,0:0:0:0:
320,192,60480,1,0,0:0:0:0:
192,192,60600,1,0,0:0:0:0:
64,192,60720,1,0,0:0:0:0:
320,192,60840,1,0,0:0:0:0:
192,192,60960,1,0,0:0:0:0:
448,192,61080,1,0,0:0:0:0:
320,192,61200,1,0,0:0:0:0:
64,192,61320,1,0,0:0:0:0:
192,192,61440,1,0,0:0:0:0:
448,192,61530,1,0,0:0:0:0:
192,192,61650,1,0,0:0:0:0:
320,192,61770,1,0,0:0:0:0:
448,192,61890,1,0,0:0:0:0:
192,192,61980,1,0,0:0:0:0:
320,192,62100,1,0,0:0:0:0:
64,192,62220,1,0,0:0:0:0:
320,192,62370,1,0,0:0:0:0:
192,192,62460,1,0,0:0:0:0:
448,192,62610,1,0,0:0:0:0:
192,192,62730,1,0,0:0:0:0:
320,192,62820,1,0,0:0:0:0:
64,192,62940,1,0,0:0:0:0:
320,192,63060,1,0,0:0:0:0:
64,192,63210,1,0,0:0:0:0:
192,192,63300,1,0,0:0:0:0:
448,192,63420,1,0,0:0:0:0:
320,192,63540,1,0,0:0:0:0:
448,192,63660,1,0,0:0:0:0:
64,192,63780,1,0,0:0:0:0:
320,192,63900,1,0,0:0:0:0:
192,192,64050,1,0,0:0:0:0:
192,192,64170,1,0,0:0:0:0:
192,192,64320,1,0,0:0:0:0:
64,192,64440,1,0,0:0:0:0:
320,192,64530,1,0,0:0:0:0:
192,192,64650,1,0,0:0:0:0:
448,192,64770,1,0,0:0:0:0:
192,192,64890,1,0,0:0:0:0:
64,192,65010,1,0,0:0:0:0:
320,192,65100,1,0,0:0:0:0:
192,192,65220,1,0,0:0:0:0:
448,192,65340,1,0,0:0:0:0:
192,192,65460,1,0,0:0:0:0:
320,192,65580,1,0,0:0:0:0:
192,192,65700,1,0,0:0:0:0:
64,192,65850,1,0,0:0:0:0:
320,192,66030,1,0,0:0:0:0:
192,192,66030,1,0,0:0:0:0:
64,192,66030,1,0,0:0:0:0:
448,192,66030,1,0,0:0:0:0:
192,192,66570,1,0,0:0:0:0:
320,192,66630,1,0,0:0:0:0:
64,192,66750,1,0,0:0:0:0:
192,192,66870,1,0,0:0:0:0:
448,192,67050,1,0,0:0:0:0:
320,192,67140,1,0,0:0:0:0:
192,192,67260,1,0,0:0:0:0:
320,192,67350,1,0,0:0:0:0:
448,192,67470,1,0,0:0:0:0:
192,192,67590,1,0,0:0:0:0:
320,192,67680,1,0,0:0:0:0:
448,192,67800,1,0,0:0:0:0:
192,192,67890,1,0,0:0:0:0:
64,192,68010,1,0,0:0:0:0:
192,192,68100,1,0,0:0:0:0:
320,192,68220,1,0,0:0:0:0:
64,192,68340,1,0,0:0:0:0:
448,192,68490,1,0,0:0:0:0:
320,192,68580,1,0,0:0:0:0:
192,192,68730,1,0,0:0:0:0:
64,192,68880,1,0,0:0:0:0:
192,192,69000,1,0,0:0:0:0:
320,192,69120,1,0,0:0:0:0:
448,192,69210,1,0,0:0:0:0:
320,192,69300,1,0,0:0:0:0:
192,192,69420,1,0,0:0:0:0:
64,192,69540,1,0,0:0:0:0:
192,192,69660,1,0,0:0:0:0:
320,192,69750,1,0,0:0:0:0:
64,192,70020,1,0,0:0:0:0:
192,192,70320,1,0,0:0:0:0:
448,192,70470,1,0,0:0:0:0:
320,192,70620,1,0,0:0:0:0:
192,192,70710,1,0,0:0:0:0:
448,192,70860,1,0,0:0:0:0:
320,192,70950,1,0,0:0:0:0:
64,192,71100,1,0,0:0:0:0:
192,192,71190,1,0,0:0:0:0:
448,192,71310,1,0,0:0:0:0:
192,192,71460,1,0,0:0:0:0:
320,192,71550,1,0,0:0:0:0:
64,192,71670,1,0,0:0:0:0:
192,192,71760,1,0,0:0:0:0:
320,192,71880,1,0,0:0:0:0:
448,192,72000,1,0,0:0:0:0:
192,192,72090,1,0,0:0:0:0:
320,192,72240,1,0,0:0:0:0:
64,192,72390,1,0,0:0:0:0:
192,192,72540,1,0,0:0:0:0:
320,192,72690,1,0,0:0:0:0:
192,192,72780,1,0,0:0:0:0:
64,192,72870,1,0,0:0:0:0:
320,192,72990,1,0,0:0:0:0:
448,192,73110,1,0,0:0:0:0:
192,192,73200,1,0,0:0:0:0:
320,192,73380,1,0,0:0:0:0:
64,192,73470,1,0,0:0:0:0:
64,192,73710,128,0,74100:0:0:0:0:
448,192,73710,128,0,74100:0:0:0:0:
320,192,73710,128,0,74100:0:0:0:0:
192,192,73710,128,0,74100:0:0:0:0:
192,192,74310,1,0,0:0:0:0:
320,192,74400,1,0,0:0:0:0:
448,192,74490,1,0,0:0:0:0:
192,192,74610,1,0,0:0:0:0:
64,192,74730,1,0,0:0:0:0:
192,192,74850,1,0,0:0:0:0:
320,192,74970,1,0,0:0:0:0:
448,192,75090,1,0,0:0:0:0:
192,192,75180,1,0,0:0:0:0:
320,192,75330,1,0,0:0:0:0:
64,192,75450,1,0,0:0:0:0:
192,192,75540,1,0,0:0:0:0:
448,192,75690,1,0,0:0:0:0:
320,192,75780,1,0,0:0:0:0:
64,192,75900,1,0,0:0:0:0:
192,192,76020,1,0,0:0:0:0:
320,192,76110,1,0,0:0:0:0:
448,192,76230,1,0,0:0:0:0:
320,192,76320,1,0,0:0:0:0:
192,192,76470,1,0,0:0:0:0:
448,192,76590,1,0,0:0:0:0:
192,192,76710,1,0,0:0:0:0:
320,192,76770,1,0,0:0:0:0:
64,192,76890,1,0,0:0:0:0:
448,192,77010,1,0,0:0:0:0:
192,192,77160,1,0,0:0:0:0:
448,192,77250,1,0,0:0:0:0:
320,192,77370,1,0,0:0:0:0:
64,192,77490,1,0,0:0:0:0:
192,192,77580,1,0,0:0:0:0:
320,192,77700,1,0,0:0:0:0:
192,192,77820,1,0,0:0:0:0:
448,192,77940,1,0,0:0:0:0:
320,192,78060,1,0,0:0:0:0:
64,192,78150,1,0,0:0:0:0:
192,192,78270,1,0,0:0:0:0:
320,192,78390,1,0,0:0:0:0:
448,192,78480,1,0,0:0:0:0:
192,192,78600,1,0,0:0:0:0:
320,192,78720,1,0,0:0:0:0:
192,192,78840,1,0,0:0:0:0:
64,192,78960,1,0,0:0:0:0:
192,192,79080,1,0,0:0:0:0:
320,192,79200,1,0,0:0:0:0:
448,192,79320,1,0,0:0:0:0:
192,192,79410,1,0,0:0:0:0:
320,192,79560,1,0,0:0:0:0:
64,192,79620,1,0,0:0:0:0:
192,192,79740,1,0,0:0:0:0:
64,192,79890,1,0,0:0:0:0:
448,192,79950,1,0,0:0:0:0:
320,192,80100,1,0,0:0:0:0:
192,192,80190,1,0,0:0:0:0:
64,192,80310,1,0,0:0:0:0:
192,192,80400,1,0,0:0:0:0:
448,192,80490,1,0,0:0:0:0:
192,192,80640,1,0,0:0:0:0:
320,192,80730,1,0,0:0:0:0:
64,192,80850,1,0,0:0:0:0:
448,192,80940,1,0,0:0:0:0:
320,192,81060,1,0,0:0:0:0:
64,192,81240,1,0,0:0:0:0:
192,192,81360,1,0,0:0:0:0:
320,192,81450,1,0,0:0:0:0:
448,192,81510,1,0,0:0:0:0:
64,192,82140,1,0,0:0:0:0:
192,192,82200,1,0,0:0:0:0:
320,192,82290,1,0,0:0:0:0:
192,192,82410,1,0,0:0:0:0:
64,192,82530,1,0,0:0:0:0:
448,192,82620,1,0,0:0:0:0:
320,192,82770,1,0,0:0:0:0:
448,192,82890,1,0,0:0:0:0:
192,192,83010,1,0,0:0:0:0:
64,192,83100,1,0,0:0:0:0:
320,192,83220,1,0,0:0:0:0:
192,192,83310,1,0,0:0:0:0:
448,192,83460,1,0,0:0:0:0:
320,192,83550,1,0,0:0:0:0:
192,192,83670,1,0,0:0:0:0:
64,192,83790,1,0,0:0:0:0:
320,192,83910,1,0,0:0:0:0:
192,192,84030,1,0,0:0:0:0:
448,192,84150,1,0,0:0:0:0:
320,192,84270,1,0,0:0:0:0:
64,192,84390,1,0,0:0:0:0:
192,192,84510,1,0,0:0:0:0:
448,192,84600,1,0,0:0:0:0:
192,192,84720,1,0,0:0:0:0:
320,192,84840,1,0,0:0:0:0:
448,192,84960,1,0,0:0:0:0:
192,192,85050,1,0,0:0:0:0:
320,192,85170,1,0,0:0:0:0:
64,192,85290,1,0,0:0:0:0:
320,192,85440,1,0,0:0:0:0:
448,192,85680,1,0,0:0:0:0:
192,192,85680,1,0,0:0:0:0:
64,192,85680,1,0,0:0:0:0:
320,192,85680,1,0,0:0:0:0:
192,192,86010,1,0,0:0:0:0:
320,192,86100,1,0,0:0:0:0:
64,192,86220,1,0,0:0:0:0:
320,192,86340,1,0,0:0:0:0:
64,192,86490,1,0,0:0:0:0:
192,192,86580,1,0,0:0:0:0:
448,192,86700,1,0,0:0:0:0:
320,192,86820,1,0,0:0:0:0:
448,192,86940,1,0,0:0:0:0:
64,192,87090,1,0,0:0:0:0:
320,192,87180,1,0,0:0:0:0:
192,192,87330,1,0,0:0:0:0:
448,192,87450,1,0,0:0:0:0:
320,192,87600,1,0,0:0:0:0:
64,192,87720,1,0,0:0:0:0:
320,192,87810,1,0,0:0:0:0:
192,192,87930,1,0,0:0:0:0:
448,192,88050,1,0,0:0:0:0:
192,192,88170,1,0,0:0:0:0:
64,192,88290,1,0,0:0:0:0:
320,192,88380,1,0,0:0:0:0:
192,192,88500,1,0,0:0:0:0:
448,192,88620,1,0,0:0:0:0:
192,192,88740,1,0,0:0:0:0:
320,192,88860,1,0,0:0:0:0:
192,192,88980,1,0,0:0:0:0:
64,192,89130,1,0,0:0:0:0:
192,192,89190,1,0,0:0:0:0:
448,192,89460,128,0,89760:0:0:0:0:
320,192,89460,128,0,89760:0:0:0:0:
192,192,89460,128,0,89760:0:0:0:0:
64,192,89460,128,0,89760:0:0:0:0:
192,192,90030,1,0,0:0:0:0:
320,192,90090,1,0,0:0:0:0:
64,192,90210,1,0,0:0:0:0:
192,192,90330,1,0,0:0:0:0:
448,192,90510,1,0,0:0:0:0:
320,192,90600,1,0,0:0:0:0:
192,192,90720,1,0,0:0:0:0:
320,192,90810,1,0,0:0:0:0:
448,192,90930,1,0,0:0:0:0:
192,192,91050,1,0,0:0:0:0:
320,192,91140,1,0,0:0:0:0:
448,192,91260,1,0,0:0:0:0:
192,192,91350,1,0,0:0:0:0:
64,192,91470,1,0,0:0:0:0:
192,192,91560,1,0,0:0:0:0:
320,192,91680,1,0,0:0:0:0:
64,192,91800,1,0,0:0:0:0:
448,192,91950,1,0,0:0:0:0:
320,192,92040,1,0,0:0:0:0:
192,192,92190,1,0,0:0:0:0:
64,192,92340,1,0,0:0:0:0:
192,192,92460,1,0,0:0:0:0:
320,192,92580,1,0,0:0:0:0:
448,192,92670,1,0,0:0:0:0:
320,192,92760,1,0,0:0:0:0:
192,192,92880,1,0,0:0:0:0:
64,192,93000,1,0,0:0:0:0:
192,192,93120,1,0,0:0:0:0:
320,192,93210,1,0,0:0:0:0:
64,192,93390,1,0,0:0:0:0:
192,192,93510,1,0,0:0:0:0:
448,192,93600,1,0,0:0:0:0:
192,192,93690,1,0,0:0:0:0:
448,192,93840,1,0,0:0:0:0:
320,192,93990,1,0,0:0:0:0:
192,192,94080,1,0,0:0:0:0:
448,192,94230,1,0,0:0:0:0:
320,192,94320,1,0,0:0:0:0:
64,192,94470,1,0,0:0:0:0:
192,192,94560,1,0,0:0:0:0:
448,192,94680,1,0,0:0:0:0:
192,192,94830,1,0,0:0:0:0:
320,192,94920,1,0,0:0:0:0:
64,192,95040,1,0,0:0:0:0:
192,192,95130,1,0,0:0:0:0:
320,192,95250,1,0,0:0:0:0:
448,192,95370,1,0,0:0:0:0:
192,192,95460,1,0,0:0:0:0:
320,192,95610,1,0,0:0:0:0:
64,192,95760,1,0,0:0:0:0:
192,192,95910,1,0,0:0:0:0:
320,192,96060,1,0,0:0:0:0:
192,192,96150,1,0,0:0:0:0:
64,192,96240,1,0,0:0:0:0:
320,192,96360,1,0,0:0:0:0:
448,192,96480,1,0,0:0:0:0:
192,192,96570,1,0,0:0:0:0:
320,192,96750,1,0,0:0:0:0:
64,192,96840,1,0,0:0:0:0:
192,192,96960,1,0,0:0:0:0:
320,192,97110,1,0,0:0:0:0:
320,192,97290,128,0,97560:0:0:0:0:
192,192,97290,128,0,97560:0:0:0:0:
64,192,97290,128,0,97560:0:0:0:0:
448,192,97290,128,0,97560:0:0:0:0:
448,192,97860,1,0,0:0:0:0:
192,192,97860,1,0,0:0:0:0:
320,192,98100,1,0,0:0:0:0:
64,192,98100,1,0,0:0:0:0:
448,192,98370,1,0,0:0:0:0:
320,192,98370,1,0,0:0:0:0:
448,192,98820,1,0,0:0:0:0:
192,192,98820,1,0,0:0:0:0:
320,192,99060,1,0,0:0:0:0:
64,192,99060,1,0,0:0:0:0:
320,192,99270,1,0,0:0:0:0:
192,192,99270,1,0,0:0:0:0:
448,192,99270,1,0,0:0:0:0:
64,192,99540,1,0,0:0:0:0:
320,192,99540,1,0,0:0:0:0:
320,192,99780,1,0,0:0:0:0:
64,192,99780,1,0,0:0:0:0:
64,192,100020,1,0,0:0:0:0:
448,192,100020,1,0,0:0:0:0:
448,192,100230,1,0,0:0:0:0:
192,192,100230,1,0,0:0:0:0:
192,192,100500,1,0,0:0:0:0:
64,192,100500,1,0,0:0:0:0:
448,192,100740,1,0,0:0:0:0:
192,192,100740,1,0,0:0:0:0:
64,192,100920,1,0,0:0:0:0:
448,192,100920,1,0,0:0:0:0:
320,192,101190,1,0,0:0:0:0:
64,192,101190,1,0,0:0:0:0:
192,192,101430,1,0,0:0:0:0:
448,192,101430,1,0,0:0:0:0:
192,192,101700,1,0,0:0:0:0:
64,192,101880,1,0,0:0:0:0:
320,192,101880,1,0,0:0:0:0:
192,192,102120,1,0,0:0:0:0:
320,192,102120,1,0,0:0:0:0:
448,192,102120,1,0,0:0:0:0:
192,192,102630,1,0,0:0:0:0:
448,192,102630,1,0,0:0:0:0:
320,192,102840,1,0,0:0:0:0:
64,192,102840,1,0,0:0:0:0:
192,192,103050,1,0,0:0:0:0:
448,192,103050,1,0,0:0:0:0:
64,192,103320,1,0,0:0:0:0:
320,192,103320,1,0,0:0:0:0:
192,192,103500,1,0,0:0:0:0:
448,192,103500,1,0,0:0:0:0:
448,192,103770,1,0,0:0:0:0:
64,192,103770,1,0,0:0:0:0:
192,192,104040,1,0,0:0:0:0:
448,192,104040,1,0,0:0:0:0:
64,192,104220,1,0,0:0:0:0:
192,192,104220,1,0,0:0:0:0:
192,192,104520,1,0,0:0:0:0:
448,192,104520,1,0,0:0:0:0:
64,192,104730,1,0,0:0:0:0:
448,192,104730,1,0,0:0:0:0:
320,192,104910,1,0,0:0:0:0:
64,192,104910,1,0,0:0:0:0:
448,192,105390,1,0,0:0:0:0:
192,192,105390,1,0,0:0:0:0:
320,192,105630,1,0,0:0:0:0:
64,192,105630,1,0,0:0:0:0:
448,192,105900,1,0,0:0:0:0:
320,192,105900,1,0,0:0:0:0:
448,192,106350,1,0,0:0:0:0:
192,192,106350,1,0,0:0:0:0:
320,192,106590,1,0,0:0:0:0:
64,192,106590,1,0,0:0:0:0:
320,192,106800,1,0,0:0:0:0:
192,192,106800,1,0,0:0:0:0:
448,192,106800,1,0,0:0:0:0:
320,192,107040,1,0,0:0:0:0:
64,192,107040,1,0,0:0:0:0:
64,192,107280,1,0,0:0:0:0:
320,192,107280,1,0,0:0:0:0:
64,192,107550,1,0,0:0:0:0:
448,192,107550,1,0,0:0:0:0:
448,192,107760,1,0,0:0:0:0:
192,192,107760,1,0,0:0:0:0:
192,192,108000,1,0,0:0:0:0:
64,192,108000,1,0,0:0:0:0:
448,192,108270,1,0,0:0:0:0:
192,192,108270,1,0,0:0:0:0:
64,192,108450,1,0,0:0:0:0:
448,192,108450,1,0,0:0:0:0:
320,192,108720,1,0,0:0:0:0:
64,192,108720,1,0,0:0:0:0:
192,192,108960,1,0,0:0:0:0:
448,192,108960,1,0,0:0:0:0:
192,192,109170,1,0,0:0:0:0:
64,192,109380,1,0,0:0:0:0:
320,192,109380,1,0,0:0:0:0:
192,192,109560,1,0,0:0:0:0:
320,192,109560,1,0,0:0:0:0:
448,192,109560,1,0,0:0:0:0:
192,192,110040,1,0,0:0:0:0:
448,192,110040,1,0,0:0:0:0:
64,192,110250,1,0,0:0:0:0:
320,192,110250,1,0,0:0:0:0:
192,192,110460,1,0,0:0:0:0:
448,192,110460,1,0,0:0:0:0:
64,192,110700,1,0,0:0:0:0:
320,192,110700,1,0,0:0:0:0:
192,192,110880,1,0,0:0:0:0:
448,192,110880,1,0,0:0:0:0:
448,192,111180,1,0,0:0:0:0:
448,192,111420,1,0,0:0:0:0:
64,192,111420,1,0,0:0:0:0:
192,192,111570,1,0,0:0:0:0:
448,192,111570,1,0,0:0:0:0:
64,192,111750,1,0,0:0:0:0:
192,192,111750,1,0,0:0:0:0:
192,192,112050,1,0,0:0:0:0:
448,192,112050,1,0,0:0:0:0:
192,192,112260,128,0,112530:0:0:0:0:
320,192,112260,128,0,112530:0:0:0:0:
448,192,112260,128,0,112530:0:0:0:0:
64,192,112260,128,0,112530:0:0:0:0:
320,192,112830,5,0,0:0:0:0:
448,192,112950,1,0,0:0:0:0:
320,192,113070,1,0,0:0:0:0:
64,192,113190,1,0,0:0:0:0:
192,192,113310,1,0,0:0:0:0:
448,192,113310,1,0,0:0:0:0:
192,192,113790,1,0,0:0:0:0:
448,192,113880,1,0,0:0:0:0:
64,192,113970,1,0,0:0:0:0:
320,192,114090,1,0,0:0:0:0:
448,192,114270,1,0,0:0:0:0:
320,192,114270,1,0,0:0:0:0:
192,192,114270,1,0,0:0:0:0:
192,192,114780,1,0,0:0:0:0:
320,192,114900,1,0,0:0:0:0:
448,192,115050,1,0,0:0:0:0:
320,192,115080,1,0,0:0:0:0:
192,192,115110,1,0,0:0:0:0:
320,192,115350,1,0,0:0:0:0:
192,192,115440,1,0,0:0:0:0:
448,192,115530,1,0,0:0:0:0:
64,192,115590,1,0,0:0:0:0:
192,192,115740,1,0,0:0:0:0:
320,192,115770,1,0,0:0:0:0:
320,192,115950,1,0,0:0:0:0:
448,192,116010,1,0,0:0:0:0:
64,192,116130,1,0,0:0:0:0:
320,192,116280,1,0,0:0:0:0:
192,192,116670,1,0,0:0:0:0:
448,192,116880,1,0,0:0:0:0:
192,192,117120,1,0,0:0:0:0:
320,192,117120,1,0,0:0:0:0:
448,192,117120,1,0,0:0:0:0:
320,192,117360,1,0,0:0:0:0:
192,192,117570,1,0,0:0:0:0:
64,192,117840,1,0,0:0:0:0:
192,192,118080,1,0,0:0:0:0:
320,192,118080,1,0,0:0:0:0:
448,192,118080,1,0,0:0:0:0:
448,192,118380,1,0,0:0:0:0:
192,192,118380,1,0,0:0:0:0:
320,192,118590,1,0,0:0:0:0:
192,192,118830,1,0,0:0:0:0:
448,192,118830,1,0,0:0:0:0:
192,192,119040,1,0,0:0:0:0:
320,192,119040,1,0,0:0:0:0:
448,192,119040,1,0,0:0:0:0:
320,192,119280,1,0,0:0:0:0:
64,192,119280,1,0,0:0:0:0:
448,192,119280,1,0,0:0:0:0:
192,192,119490,1,0,0:0:0:0:
448,192,119490,1,0,0:0:0:0:
64,192,119490,1,0,0:0:0:0:
320,192,119760,1,0,0:0:0:0:
64,192,119760,1,0,0:0:0:0:
192,192,119760,1,0,0:0:0:0:
64,192,120030,1,0,0:0:0:0:
192,192,120030,1,0,0:0:0:0:
320,192,120030,1,0,0:0:0:0:
448,192,120030,1,0,0:0:0:0:
64,192,120510,1,0,0:0:0:0:
192,192,120600,1,0,0:0:0:0:
320,192,120720,1,0,0:0:0:0:
192,192,120840,1,0,0:0:0:0:
64,192,120960,1,0,0:0:0:0:
64,192,121440,1,0,0:0:0:0:
192,192,121530,1,0,0:0:0:0:
320,192,121650,1,0,0:0:0:0:
192,192,121800,1,0,0:0:0:0:
64,192,121890,1,0,0:0:0:0:
320,192,122400,1,0,0:0:0:0:
448,192,122520,1,0,0:0:0:0:
192,192,122640,1,0,0:0:0:0:
320,192,122730,1,0,0:0:0:0:
64,192,122880,1,0,0:0:0:0:
192,192,123000,1,0,0:0:0:0:
320,192,123090,1,0,0:0:0:0:
448,192,123210,1,0,0:0:0:0:
192,192,123330,1,0,0:0:0:0:
64,192,123480,1,0,0:0:0:0:
192,192,123570,1,0,0:0:0:0:
320,192,123690,1,0,0:0:0:0:
448,192,123780,1,0,0:0:0:0:
64,192,124290,1,0,0:0:0:0:
192,192,124530,1,0,0:0:0:0:
448,192,124740,1,0,0:0:0:0:
320,192,124740,1,0,0:0:0:0:
192,192,124740,1,0,0:0:0:0:
320,192,125010,1,0,0:0:0:0:
192,192,125250,1,0,0:0:0:0:
64,192,125490,1,0,0:0:0:0:
320,192,125760,1,0,0:0:0:0:
192,192,125760,1,0,0:0:0:0:
448,192,125760,1,0,0:0:0:0:
192,192,126030,1,0,0:0:0:0:
448,192,126030,1,0,0:0:0:0:
320,192,126240,1,0,0:0:0:0:
64,192,126480,1,0,0:0:0:0:
192,192,126690,1,0,0:0:0:0:
448,192,126690,1,0,0:0:0:0:
320,192,126690,1,0,0:0:0:0:
320,192,126990,1,0,0:0:0:0:
64,192,126990,1,0,0:0:0:0:
448,192,127230,1,0,0:0:0:0:
192,192,127230,1,0,0:0:0:0:
320,192,127440,1,0,0:0:0:0:
64,192,127440,1,0,0:0:0:0:
192,192,127710,1,0,0:0:0:0:
64,192,127710,1,0,0:0:0:0:
320,192,127710,1,0,0:0:0:0:
448,192,127710,1,0,0:0:0:0:
320,192,128520,1,0,0:0:0:0:
64,192,128520,1,0,0:0:0:0:
448,192,128730,1,0,0:0:0:0:
192,192,128730,1,0,0:0:0:0:
64,192,128940,1,0,0:0:0:0:
320,192,128940,1,0,0:0:0:0:
64,192,129180,1,0,0:0:0:0:
320,192,129180,1,0,0:0:0:0:
448,192,129480,1,0,0:0:0:0:
320,192,129600,1,0,0:0:0:0:
448,192,129690,1,0,0:0:0:0:
320,192,129990,1,0,0:0:0:0:
192,192,129990,1,0,0:0:0:0:
64,192,130230,1,0,0:0:0:0:
320,192,130230,1,0,0:0:0:0:
448,192,130470,1,0,0:0:0:0:
448,192,130680,1,0,0:0:0:0:
192,192,130680,1,0,0:0:0:0:
320,192,130920,1,0,0:0:0:0:
64,192,130920,1,0,0:0:0:0:
64,192,131130,1,0,0:0:0:0:
320,192,131160,1,0,0:0:0:0:
448,192,131430,1,0,0:0:0:0:
192,192,131430,1,0,0:0:0:0:
64,192,131580,1,0,0:0:0:0:
320,192,131670,1,0,0:0:0:0:
64,192,131790,1,0,0:0:0:0:
192,192,131910,1,0,0:0:0:0:
320,192,132150,1,0,0:0:0:0:
192,192,132450,1,0,0:0:0:0:
448,192,132450,1,0,0:0:0:0:
320,192,132660,1,0,0:0:0:0:
64,192,132660,1,0,0:0:0:0:
448,192,132900,1,0,0:0:0:0:
64,192,132900,1,0,0:0:0:0:
192,192,133170,1,0,0:0:0:0:
320,192,133170,1,0,0:0:0:0:
64,192,133380,1,0,0:0:0:0:
320,192,133530,1,0,0:0:0:0:
448,192,133650,1,0,0:0:0:0:
320,192,133860,1,0,0:0:0:0:
192,192,133860,1,0,0:0:0:0:
64,192,133860,1,0,0:0:0:0:
320,192,134160,1,0,0:0:0:0:
192,192,134370,1,0,0:0:0:0:
448,192,134370,1,0,0:0:0:0:
320,192,134610,1,0,0:0:0:0:
64,192,134610,1,0,0:0:0:0:
320,192,134880,1,0,0:0:0:0:
64,192,134880,1,0,0:0:0:0:
192,192,135090,1,0,0:0:0:0:
320,192,135090,1,0,0:0:0:0:
320,192,135300,1,0,0:0:0:0:
192,192,135450,1,0,0:0:0:0:
64,192,135570,1,0,0:0:0:0:
448,192,135660,1,0,0:0:0:0:
320,192,136170,5,0,0:0:0:0:
448,192,136290,1,0,0:0:0:0:
320,192,136410,1,0,0:0:0:0:
64,192,136530,1,0,0:0:0:0:
192,192,136650,1,0,0:0:0:0:
448,192,136650,1,0,0:0:0:0:
192,192,137130,1,0,0:0:0:0:
448,192,137220,1,0,0:0:0:0:
64,192,137310,1,0,0:0:0:0:
320,192,137430,1,0,0:0:0:0:
448,192,137610,1,0,0:0:0:0:
320,192,137610,1,0,0:0:0:0:
192,192,137610,1,0,0:0:0:0:
192,192,138120,1,0,0:0:0:0:
320,192,138210,1,0,0:0:0:0:
448,192,138330,1,0,0:0:0:0:
64,192,138420,1,0,0:0:0:0:
192,192,138600,1,0,0:0:0:0:
320,192,138600,1,0,0:0:0:0:
64,192,138720,1,0,0:0:0:0:
64,192,138870,1,0,0:0:0:0:
448,192,138870,1,0,0:0:0:0:
192,192,138990,1,0,0:0:0:0:
320,192,139080,1,0,0:0:0:0:
192,192,139200,1,0,0:0:0:0:
64,192,139290,1,0,0:0:0:0:
448,192,139290,1,0,0:0:0:0:
320,192,139440,1,0,0:0:0:0:
448,192,139530,1,0,0:0:0:0:
320,192,139950,1,0,0:0:0:0:
192,192,140190,1,0,0:0:0:0:
448,192,140430,1,0,0:0:0:0:
64,192,140670,1,0,0:0:0:0:
320,192,140910,1,0,0:0:0:0:
64,192,141120,1,0,0:0:0:0:
448,192,141390,1,0,0:0:0:0:
320,192,141630,1,0,0:0:0:0:
192,192,141900,1,0,0:0:0:0:
320,192,142140,1,0,0:0:0:0:
64,192,142350,1,0,0:0:0:0:
192,192,142350,1,0,0:0:0:0:
320,192,142350,1,0,0:0:0:0:
448,192,142890,1,0,0:0:0:0:
320,192,142950,1,0,0:0:0:0:
448,192,143040,1,0,0:0:0:0:
320,192,143160,1,0,0:0:0:0:
448,192,143250,1,0,0:0:0:0:
320,192,143370,1,0,0:0:0:0:
192,192,143370,1,0,0:0:0:0:
64,192,143370,1,0,0:0:0:0:
192,192,143820,1,0,0:0:0:0:
64,192,143940,1,0,0:0:0:0:
448,192,144030,1,0,0:0:0:0:
64,192,144240,1,0,0:0:0:0:
192,192,144240,1,0,0:0:0:0:
320,192,144240,1,0,0:0:0:0:
320,192,144360,1,0,0:0:0:0:
192,192,144480,1,0,0:0:0:0:
448,192,144780,1,0,0:0:0:0:
192,192,144870,1,0,0:0:0:0:
320,192,144990,1,0,0:0:0:0:
64,192,145140,1,0,0:0:0:0:
320,192,145230,1,0,0:0:0:0:
192,192,145230,1,0,0:0:0:0:
448,192,145230,1,0,0:0:0:0:
448,192,145470,1,0,0:0:0:0:
320,192,145590,1,0,0:0:0:0:
192,192,145710,1,0,0:0:0:0:
320,192,145800,1,0,0:0:0:0:
64,192,145920,1,0,0:0:0:0:
448,192,146040,1,0,0:0:0:0:
192,192,146130,1,0,0:0:0:0:
320,192,146220,1,0,0:0:0:0:
64,192,146340,1,0,0:0:0:0:
448,192,146490,1,0,0:0:0:0:
320,192,146580,1,0,0:0:0:0:
192,192,146670,1,0,0:0:0:0:
64,192,146790,1,0,0:0:0:0:
320,192,146910,1,0,0:0:0:0:
192,192,147000,1,0,0:0:0:0:
448,192,147150,1,0,0:0:0:0:
192,192,147270,1,0,0:0:0:0:
320,192,147450,1,0,0:0:0:0:
192,192,147600,1,0,0:0:0:0:
320,192,147690,1,0,0:0:0:0:
64,192,147810,1,0,0:0:0:0:
192,192,147900,1,0,0:0:0:0:
320,192,147900,1,0,0:0:0:0:
448,192,147900,1,0,0:0:0:0:
320,192,148110,1,0,0:0:0:0:
192,192,148230,1,0,0:0:0:0:
448,192,148380,1,0,0:0:0:0:
192,192,148470,1,0,0:0:0:0:
320,192,148560,1,0,0:0:0:0:
320,192,148800,1,0,0:0:0:0:
192,192,148800,1,0,0:0:0:0:
64,192,148800,1,0,0:0:0:0:
320,192,148920,1,0,0:0:0:0:
192,192,149070,1,0,0:0:0:0:
448,192,149130,1,0,0:0:0:0:
320,192,149250,1,0,0:0:0:0:
192,192,149370,1,0,0:0:0:0:
64,192,149490,1,0,0:0:0:0:
320,192,149610,1,0,0:0:0:0:
192,192,149670,1,0,0:0:0:0:
448,192,149790,1,0,0:0:0:0:
320,192,149910,1,0,0:0:0:0:
192,192,150030,1,0,0:0:0:0:
64,192,150120,1,0,0:0:0:0:
320,192,150240,1,0,0:0:0:0:
192,192,150330,1,0,0:0:0:0:
448,192,150450,1,0,0:0:0:0:
192,192,150570,1,0,0:0:0:0:
192,192,151050,1,0,0:0:0:0:
64,192,151170,1,0,0:0:0:0:
448,192,151260,1,0,0:0:0:0:
320,192,151470,1,0,0:0:0:0:
192,192,151470,1,0,0:0:0:0:
64,192,151470,1,0,0:0:0:0:
320,192,151590,1,0,0:0:0:0:
192,192,151710,1,0,0:0:0:0:
448,192,152010,1,0,0:0:0:0:
192,192,152100,1,0,0:0:0:0:
320,192,152220,1,0,0:0:0:0:
192,192,152400,1,0,0:0:0:0:
320,192,152400,1,0,0:0:0:0:
448,192,152400,1,0,0:0:0:0:
64,192,152400,1,0,0:0:0:0:
448,192,152700,1,0,0:0:0:0:
320,192,152820,1,0,0:0:0:0:
192,192,152940,1,0,0:0:0:0:
320,192,153030,1,0,0:0:0:0:
64,192,153150,1,0,0:0:0:0:
448,192,153270,1,0,0:0:0:0:
192,192,153360,1,0,0:0:0:0:
320,192,153450,1,0,0:0:0:0:
64,192,153570,1,0,0:0:0:0:
448,192,153720,1,0,0:0:0:0:
320,192,153810,1,0,0:0:0:0:
192,192,153900,1,0,0:0:0:0:
64,192,154020,1,0,0:0:0:0:
320,192,154140,1,0,0:0:0:0:
192,192,154230,1,0,0:0:0:0:
448,192,154380,1,0,0:0:0:0:
192,192,154590,1,0,0:0:0:0:
320,192,154770,1,0,0:0:0:0:
192,192,154980,1,0,0:0:0:0:
320,192,154980,1,0,0:0:0:0:
448,192,154980,1,0,0:0:0:0:
64,192,154980,1,0,0:0:0:0:
320,192,155520,1,0,0:0:0:0:
192,192,155640,1,0,0:0:0:0:
448,192,155790,1,0,0:0:0:0:
320,192,155970,1,0,0:0:0:0:
192,192,155970,1,0,0:0:0:0:
448,192,155970,1,0,0:0:0:0:
64,192,156210,1,0,0:0:0:0:
320,192,156330,1,0,0:0:0:0:
192,192,156480,1,0,0:0:0:0:
448,192,156540,1,0,0:0:0:0:
320,192,156660,1,0,0:0:0:0:
192,192,156780,1,0,0:0:0:0:
64,192,156900,1,0,0:0:0:0:
320,192,157020,1,0,0:0:0:0:
192,192,157110,1,0,0:0:0:0:
448,192,157200,1,0,0:0:0:0:
320,192,157320,1,0,0:0:0:0:
192,192,157440,1,0,0:0:0:0:
64,192,157620,128,0,157860:0:0:0:0:
192,192,157620,128,0,157860:0:0:0:0:
320,192,157620,128,0,157860:0:0:0:0:
448,192,157620,128,0,157860:0:0:0:0:
64,192,158190,1,0,0:0:0:0:
320,192,158190,1,0,0:0:0:0:
448,192,158190,1,0,0:0:0:0:
448,192,158520,1,0,0:0:0:0:
320,192,158640,1,0,0:0:0:0:
64,192,158640,1,0,0:0:0:0:
448,192,158640,1,0,0:0:0:0:
448,192,158910,1,0,0:0:0:0:
448,192,159150,1,0,0:0:0:0:
448,192,159390,1,0,0:0:0:0:
320,192,159570,1,0,0:0:0:0:
64,192,159570,1,0,0:0:0:0:
192,192,159570,1,0,0:0:0:0:
448,192,159870,1,0,0:0:0:0:
448,192,160110,1,0,0:0:0:0:
448,192,160350,1,0,0:0:0:0:
320,192,160560,1,0,0:0:0:0:
448,192,160560,1,0,0:0:0:0:
64,192,160560,1,0,0:0:0:0:
192,192,160770,1,0,0:0:0:0:
448,192,160800,1,0,0:0:0:0:
320,192,160890,1,0,0:0:0:0:
64,192,161010,1,0,0:0:0:0:
448,192,161010,1,0,0:0:0:0:
320,192,161130,1,0,0:0:0:0:
192,192,161250,1,0,0:0:0:0:
448,192,161250,1,0,0:0:0:0:
320,192,161340,1,0,0:0:0:0:
64,192,161460,128,0,161640:0:0:0:0:
192,192,161460,128,0,161640:0:0:0:0:
320,192,161460,128,0,161640:0:0:0:0:
448,192,161460,128,0,161640:0:0:0:0:
64,192,161760,1,0,0:0:0:0:
64,192,161970,1,0,0:0:0:0:
64,192,162180,1,0,0:0:0:0:
192,192,162480,1,0,0:0:0:0:
320,192,162510,1,0,0:0:0:0:
448,192,162540,1,0,0:0:0:0:
192,192,162690,1,0,0:0:0:0:
320,192,162720,1,0,0:0:0:0:
448,192,162750,1,0,0:0:0:0:
192,192,162930,1,0,0:0:0:0:
320,192,162960,1,0,0:0:0:0:
448,192,162990,1,0,0:0:0:0:
192,192,163170,1,0,0:0:0:0:
320,192,163200,1,0,0:0:0:0:
448,192,163230,1,0,0:0:0:0:
64,192,163320,1,0,0:0:0:0:
192,192,163380,1,0,0:0:0:0:
320,192,163410,1,0,0:0:0:0:
448,192,163440,1,0,0:0:0:0:
64,192,163530,1,0,0:0:0:0:
64,192,163770,1,0,0:0:0:0:
64,192,164010,1,0,0:0:0:0:
320,192,164130,1,0,0:0:0:0:
320,192,164310,128,0,164430:0:0:0:0:
448,192,164310,128,0,164430:0:0:0:0:
192,192,164310,128,0,164430:0:0:0:0:
448,192,164550,1,0,0:0:0:0:
448,192,164700,1,0,0:0:0:0:
448,192,164940,1,0,0:0:0:0:
192,192,165210,128,0,165330:0:0:0:0:
320,192,165210,128,0,165330:0:0:0:0:
448,192,165210,128,0,165330:0:0:0:0:
64,192,165450,1,0,0:0:0:0:
64,192,165690,1,0,0:0:0:0:
64,192,165930,1,0,0:0:0:0:
320,192,166170,1,0,0:0:0:0:
448,192,166200,1,0,0:0:0:0:
448,192,166350,1,0,0:0:0:0:
192,192,166350,1,0,0:0:0:0:
64,192,166470,1,0,0:0:0:0:
448,192,166560,1,0,0:0:0:0:
320,192,166590,1,0,0:0:0:0:
192,192,166740,1,0,0:0:0:0:
448,192,166830,1,0,0:0:0:0:
320,192,166830,1,0,0:0:0:0:
64,192,166890,1,0,0:0:0:0:
192,192,167040,128,0,167190:0:0:0:0:
64,192,167040,128,0,167190:0:0:0:0:
320,192,167040,128,0,167190:0:0:0:0:
448,192,167040,1,0,0:0:0:0:
448,192,167400,1,0,0:0:0:0:
448,192,167550,1,0,0:0:0:0:
448,192,167760,1,0,0:0:0:0:
192,192,168000,1,0,0:0:0:0:
64,192,168000,1,0,0:0:0:0:
64,192,168240,1,0,0:0:0:0:
64,192,168480,1,0,0:0:0:0:
64,192,168720,1,0,0:0:0:0:
320,192,168960,1,0,0:0:0:0:
448,192,168960,1,0,0:0:0:0:
448,192,169170,1,0,0:0:0:0:
192,192,169200,1,0,0:0:0:0:
448,192,169440,1,0,0:0:0:0:
320,192,169440,1,0,0:0:0:0:
64,192,169650,1,0,0:0:0:0:
448,192,169680,1,0,0:0:0:0:
192,192,169890,1,0,0:0:0:0:
320,192,169890,1,0,0:0:0:0:
64,192,169890,1,0,0:0:0:0:
448,192,169890,1,0,0:0:0:0:
192,192,170430,1,0,0:0:0:0:
320,192,170730,1,0,0:0:0:0:
192,192,170880,1,0,0:0:0:0:
320,192,170910,1,0,0:0:0:0:
448,192,170970,1,0,0:0:0:0:
192,192,171930,1,0,0:0:0:0:
320,192,171960,1,0,0:0:0:0:
448,192,172020,1,0,0:0:0:0:
192,192,172860,1,0,0:0:0:0:
320,192,172950,1,0,0:0:0:0:
448,192,173070,1,0,0:0:0:0:
192,192,173190,1,0,0:0:0:0:
320,192,173310,1,0,0:0:0:0:
64,192,173430,1,0,0:0:0:0:
192,192,173550,1,0,0:0:0:0:
320,192,173640,1,0,0:0:0:0:
448,192,173760,1,0,0:0:0:0:
192,192,174780,1,0,0:0:0:0:
320,192,174810,1,0,0:0:0:0:
448,192,174870,1,0,0:0:0:0:
192,192,175020,1,0,0:0:0:0:
320,192,175050,1,0,0:0:0:0:
448,192,175110,1,0,0:0:0:0:
192,192,175260,1,0,0:0:0:0:
320,192,175290,1,0,0:0:0:0:
448,192,175350,1,0,0:0:0:0:
192,192,175470,1,0,0:0:0:0:
320,192,175500,1,0,0:0:0:0:
448,192,175560,1,0,0:0:0:0:
192,192,175710,1,0,0:0:0:0:
320,192,175740,1,0,0:0:0:0:
448,192,175800,1,0,0:0:0:0:
192,192,176490,1,0,0:0:0:0:
192,192,176700,1,0,0:0:0:0:
320,192,176730,1,0,0:0:0:0:
448,192,176790,1,0,0:0:0:0:
64,192,176910,1,0,0:0:0:0:
64,192,177150,1,0,0:0:0:0:
64,192,177420,1,0,0:0:0:0:
64,192,177630,1,0,0:0:0:0:
192,192,177750,1,0,0:0:0:0:
320,192,177780,1,0,0:0:0:0:
448,192,177840,1,0,0:0:0:0:
64,192,177870,1,0,0:0:0:0:
64,192,178080,1,0,0:0:0:0:
64,192,178320,1,0,0:0:0:0:
64,192,178560,1,0,0:0:0:0:
320,192,178590,1,0,0:0:0:0:
192,192,178710,1,0,0:0:0:0:
448,192,178800,1,0,0:0:0:0:
64,192,178830,1,0,0:0:0:0:
320,192,178920,1,0,0:0:0:0:
64,192,179040,1,0,0:0:0:0:
448,192,179040,1,0,0:0:0:0:
320,192,179160,1,0,0:0:0:0:
64,192,179280,1,0,0:0:0:0:
192,192,179280,1,0,0:0:0:0:
320,192,179400,1,0,0:0:0:0:
64,192,179490,1,0,0:0:0:0:
192,192,179520,1,0,0:0:0:0:
320,192,179550,1,0,0:0:0:0:
448,192,179610,1,0,0:0:0:0:
64,192,179730,1,0,0:0:0:0:
64,192,179970,1,0,0:0:0:0:
64,192,180210,1,0,0:0:0:0:
64,192,180450,1,0,0:0:0:0:
192,192,180540,1,0,0:0:0:0:
320,192,180570,1,0,0:0:0:0:
448,192,180630,1,0,0:0:0:0:
64,192,180690,1,0,0:0:0:0:
64,192,180930,1,0,0:0:0:0:
64,192,181170,1,0,0:0:0:0:
64,192,181380,1,0,0:0:0:0:
192,192,181440,1,0,0:0:0:0:
320,192,181470,1,0,0:0:0:0:
448,192,181530,1,0,0:0:0:0:
64,192,181620,1,0,0:0:0:0:
192,192,181680,1,0,0:0:0:0:
320,192,181710,1,0,0:0:0:0:
448,192,181770,1,0,0:0:0:0:
64,192,181860,1,0,0:0:0:0:
192,192,181920,1,0,0:0:0:0:
320,192,181950,1,0,0:0:0:0:
448,192,182010,1,0,0:0:0:0:
64,192,182070,1,0,0:0:0:0:
192,192,182160,1,0,0:0:0:0:
320,192,182190,1,0,0:0:0:0:
448,192,182250,1,0,0:0:0:0:
192,192,182370,1,0,0:0:0:0:
64,192,182370,1,0,0:0:0:0:
320,192,182400,1,0,0:0:0:0:
448,192,182460,1,0,0:0:0:0:
192,192,183150,1,0,0:0:0:0:
320,192,183270,1,0,0:0:0:0:
64,192,183270,1,0,0:0:0:0:
448,192,183990,1,0,0:0:0:0:
192,192,183990,1,0,0:0:0:0:
320,192,184230,1,0,0:0:0:0:
64,192,184260,1,0,0:0:0:0:
320,192,184920,1,0,0:0:0:0:
64,192,185160,1,0,0:0:0:0:
320,192,185160,1,0,0:0:0:0:
192,192,185370,1,0,0:0:0:0:
448,192,185370,1,0,0:0:0:0:
320,192,185580,1,0,0:0:0:0:
64,192,185580,1,0,0:0:0:0:
448,192,185820,1,0,0:0:0:0:
192,192,186060,1,0,0:0:0:0:
64,192,186060,1,0,0:0:0:0:
320,192,186060,1,0,0:0:0:0:
64,192,186540,1,0,0:0:0:0:
192,192,186540,1,0,0:0:0:0:
320,192,186540,1,0,0:0:0:0:
448,192,186540,1,0,0:0:0:0:
64,192,187020,128,0,187800:0:0:0:0:
192,192,187020,128,0,187800:0:0:0:0:
320,192,187020,128,0,187800:0:0:0:0:
448,192,187020,128,0,187800:0:0:0:0:
